tempo rho11 rho22 rho33 soma
fs
1 0.4999802613110238 0.4999802613110238 0.00003947737795241065 1
2 0.4999210507013524 0.49992105070134785 0.00015789859729971084 1
3.0000000000000004 0.49982238375999266 0.4998223837599608 0.00035523248004645824 0.9999999999999999
4 0.499684285422478 0.49968428542235965 0.0006314291551622519 0.9999999999999999
5.000000000000001 0.4995067899632594 0.49950678996294096 0.0009864200737995325 0.9999999999999999
6.000000000000001 0.4992899409872167 0.49928994098651164 0.0014201180262715506 0.9999999999999999
7.000000000000002 0.4990337914189595 0.49903379141759063 0.001932417163449753 0.9999999999999999
8.000000000000002 0.4987384034899217 0.4987384034875028 0.002523193022575341 0.9999999999999998
9.000000000000004 0.49840384872325166 0.4984038487192695 0.0031923025574787144 0.9999999999999999
10.000000000000004 0.498030207916502 0.4980302079102984 0.003939584173199466 0.9999999999999999
11.000000000000004 0.49761757112212374 0.4976175711128776 0.0047648577649985575 0.9999999999999999
12.000000000000004 0.49716603762576866 0.49716603761247796 0.005667924761753247 0.9999999999999999
13.000000000000005 0.49667571592240567 0.4966757159038699 0.006648568173724339 0.9999999999999999
14.000000000000005 0.49614672369025675 0.4961467236650589 0.007706552644684247 0.9999999999999999
15.000000000000005 0.4955791877625587 0.4955791877290478 0.008841624508393358 0.9999999999999998
16.000000000000004 0.4949732440971577 0.494973244053431 0.010053511849411152 0.9999999999999999
17.000000000000004 0.4943290377439433 0.4943290376878291 0.011341924568227494 0.9999999999999999
18.000000000000004 0.4936467228101307 0.49364672273917065 0.012706554450698501 0.9999999999999999
19 0.49292646242339877 0.49292646233483073 0.014147075241770375 0.9999999999999999
20 0.49216842869289273 0.49216842858363363 0.01566314272347355 0.9999999999999999
21 0.49137280266810135 0.49137280253473004 0.017254394797168532 0.9999999999999999
21.999999999999996 0.4905397742956179 0.49053977413435823 0.01892045157002377 0.9999999999999999
22.999999999999996 0.48966954237379545 0.4896695421804996 0.0206609154457049 1
23.999999999999996 0.4887623145053073 0.48876231427543887 0.02247537121925373 0.9999999999999999
24.999999999999993 0.48781830704762397 0.4878183067762416 0.024363386176134327 0.9999999999999999
25.999999999999993 0.48683774506141814 0.4868377447431592 0.02632451019542254 1
26.999999999999993 0.4858208622569106 0.48582086188597484 0.028358275857114427 0.9999999999999999
27.999999999999993 0.4847679009381693 0.4847679005083027 0.030464198553527916 0.9999999999999999
28.99999999999999 0.4836791119453748 0.4836791114498539 0.03264177660477124 0.9999999999999999
29.999999999999993 0.48255475459506664 0.48255475402668274 0.03489049137825056 0.9999999999999999
30.999999999999993 0.4813950966183841 0.4813950959694275 0.03720980741218836 0.9999999999999999
31.999999999999996 0.48020041409731595 0.4802004133595608 0.03959917254312314 0.9999999999999999
33 0.47897099139897537 0.47897099056366443 0.042058018037360145 1
34 0.4777071211079143 0.4777071201657439 0.04458575872634173 0.9999999999999999
35 0.4764091039564947 0.4764091028976 0.04718179314590521 0.9999999999999999
36.00000000000001 0.4750772487533323 0.47507724756727265 0.04984550367939501 1
37.00000000000001 0.4737118723098301 0.47371187098557477 0.052576256704595134 1
38.00000000000001 0.4723132993648196 0.4723132978907335 0.055373402744446895 1
39.00000000000001 0.47088186250732694 0.47088186087115685 0.058236276621516175 1
40.000000000000014 0.46941790209748296 0.4694179002863436 0.061164197616173366 1
41.000000000000014 0.4679217661855954 0.4679217641859561 0.06415646962844845 1
42.000000000000014 0.46639381042940287 0.4663938082270743 0.06721238134352273 0.9999999999999999
43.00000000000002 0.46483439800953047 0.46483439558965167 0.07033120640081779 0.9999999999999999
44.00000000000002 0.4632438995431664 0.4632438968901919 0.07351220356664165 1
45.00000000000002 0.46162269299598085 0.46162269009366824 0.07675461691035089 1
46.00000000000003 0.4599711635923076 0.4599711604237054 0.080057675983987 1
47.00000000000003 0.4582897037236101 0.45828970027104565 0.08342059600534427 1
48.00000000000003 0.4565787128552533 0.45657870910032106 0.08684257804442565 1
49.00000000000003 0.45483859743160376 0.4548385933551539 0.09032280921324233 1
50.000000000000036 0.45306977077948035 0.4530697663616077 0.09386046285891196 1
51.000000000000036 0.45127265300997876 0.4512726482300116 0.0974546987600096 1
52.000000000000036 0.4494476709186927 0.4494476657551825 0.10110466332612479 1
53.00000000000004 0.4475952578843559 0.4475952523150668 0.10480948980057733 1
54.00000000000004 0.4457158537659287 0.44571584776782763 0.10856829846624366 1
55.00000000000004 0.4438099047981541 0.443809898347401 0.11238019685444493 1
56.00000000000004 0.44187786348560726 0.4418778565575456 0.11624427995684716 1
57.00000000000005 0.4399201884952645 0.4399201810644123 0.12015963044032323 1
58.00000000000004 0.43793734454761674 0.4379373365876577 0.12412531886472554 1
59.000000000000036 0.43592980230635353 0.43592979379012853 0.12814040390351794 1
60.000000000000036 0.4338980382666434 0.4338980291661424 0.1322039325672142 1
61.00000000000003 0.43184253464203787 0.431842524928392 0.13631494042957015 1
62.00000000000003 0.42976377925002496 0.429763768893499 0.14047245185647603 1
63.00000000000002 0.4276622653962603 0.4276622543662455 0.14467548023749416 1
64.00000000000001 0.42553849175750247 0.4255384800225098 0.14892302821998762 0.9999999999999999
65.00000000000001 0.4233929622632812 0.4233929497909348 0.15321408794578395 1
66.00000000000001 0.4212261859763257 0.42122617273335644 0.15754764129031779 1
67 0.419038676971782 0.41903866292402203 0.16192266010419593 1
68 0.4168309542152479 0.4168309393276249 0.16633810645712716 1
69 0.4146035414396543 0.41460352567618636 0.1707929328841593 1
69.99999999999999 0.41235696702102204 0.41235695034481307 0.1752860826341648 0.9999999999999999
70.99999999999999 0.4100917638531244 0.41009174622635947 0.17981648992051608 1
71.99999999999999 0.4078084692210838 0.40780845060502513 0.18438308017389102 1
72.99999999999999 0.4055076246739339 0.40550760502891714 0.1889847702971489 0.9999999999999999
73.99999999999997 0.4031897758961765 0.4031897551816074 0.1936204689222161 1
74.99999999999997 0.40085547257836407 0.4008554507527154 0.1982890766689205 1
75.99999999999997 0.3985052682867386 0.3985052453075476 0.20298948640571376 1
76.99999999999996 0.39613972033195743 0.3961396961558236 0.20772058351221892 1
77.99999999999996 0.39375938963693763 0.39375936421952074 0.21248124614354164 1
78.99999999999996 0.3913648406038497 0.39136481389986827 0.21727034549628207 1
79.99999999999994 0.3889566409802926 0.3889566129435229 0.22208674607618453 1
80.99999999999994 0.38653536172468184 0.386535332307957 0.22692930596736122 1
81.99999999999994 0.38410157687088203 0.3841015460260917 0.23179687710302632 1
82.99999999999994 0.3816558633921166 0.381655831070207 0.23668830553767647 1
83.99999999999993 0.3791988010641866 0.3791987672151608 0.2416024317206527 1
84.99999999999993 0.376730972328031 0.3767309369009499 0.24653809077101924 1.0000000000000002
85.99999999999993 0.37425296215166154 0.37425292509464464 0.2514941127536939 1
86.99999999999991 0.37176535789150394 0.3717653191517312 0.2564693229567649 1
87.99999999999991 0.3692687491531793 0.369268708676893 0.26146254216992776 1
88.99999999999991 0.366763727651758 0.366763685384265 0.266472586963977 1
89.9999999999999 0.36425088707151987 0.3642508429571943 0.2714982699712859 1
90.9999999999999 0.3617308229252529 0.36173077690753924 0.2765384001672079 1
91.9999999999999 0.35920413241312504 0.3592040844345417 0.28159178315233324 1
92.9999999999999 0.3566714142811615 0.35667136428330465 0.2866572214355338 1
93.99999999999989 0.35413326867936173 0.35413321660290953 0.29173351471772874 1
94.99999999999989 0.3515902970194893 0.35159024280420653 0.2968194601763042 1
95.99999999999989 0.34904310183256876 0.3490430454173119 0.30191385275011934 1
96.99999999999987 0.3464922866261228 0.34649222794884554 0.3070154854250316 1
97.99999999999987 0.34393845574118415 0.34393839473894305 0.31212314951987274 0.9999999999999999
98.99999999999987 0.34138221420911513 0.34138215081807605 0.3172356349728087 0.9999999999999999
99.99999999999986 0.3388241676082701 0.33882410176371464 0.32235173062801514 0.9999999999999999
100.99999999999986 0.3362649219205334 0.336264853556866 0.3274702245226005 0.9999999999999998
101.99999999999986 0.3337050833877678 0.333705012438523 0.33258990417370915 0.9999999999999999
102.99999999999986 0.3311452583682067 0.33114518476605725 0.337709556865736 1
103.99999999999984 0.3285860531928251 0.3285859768695898 0.34282796993758513 1
104.99999999999984 0.3260280740217219 0.32602799490837425 0.34794393106990384 1
105.99999999999984 0.3234719267005491 0.32347184472722634 0.3530562285722246 1
106.99999999999983 0.3209182166170206 0.320918131713033 0.3581636516699464 1
107.99999999999983 0.31836754855753563 0.3183674606513763 0.36326499079108804 1
108.99999999999983 0.31582052656395015 0.31582043558330486 0.36835903785274493 0.9999999999999999
109.99999999999982 0.31327775379052997 0.31327765966228804 0.37344458654718193 0.9999999999999999
110.99999999999982 0.3107398323611203 0.3107397350113852 0.37852043262749446 1
111.99999999999982 0.3082073632265647 0.3082072625806654 0.3835853741927699 1
112.99999999999982 0.30568094602240764 0.3056808420049102 0.3886382119726821 1
113.99999999999982 0.30316117892691424 0.3031610714616339 0.3936777496114518 1
114.99999999999982 0.3006486585194408 0.30064854752945436 0.3987027939511048 1
115.99999999999982 0.2981439796391897 0.29814386504684826 0.403712155313962 1
116.9999999999998 0.2956477352443822 0.2956476169713242 0.40870464778429355 1
117.9999999999998 0.29316051627188205 0.29316039423904683 0.41367908948907106 0.9999999999999999
118.9999999999998 0.29068291149730374 0.29068278562494554 0.41863430287775066 1
119.99999999999979 0.28821550739563817 0.2882153776033402 0.4235691150010215 0.9999999999999998
120.99999999999979 0.28575888800242877 0.2857587542091179 0.42848235778845317 0.9999999999999998
121.99999999999979 0.2833136347755309 0.28331349689949253 0.4333728683249764 0.9999999999999998
122.99999999999977 0.28088032645748734 0.2808801844163808 0.4382394891261317 0.9999999999999998
123.99999999999977 0.2784595389385524 0.2784593926494265 0.443081068412021 0.9999999999999999
124.99999999999977 0.27605184512039704 0.2760516944997061 0.4478964603798967 0.9999999999999999
125.99999999999977 0.2736578147805273 0.27365765974414774 0.45268452547532484 1
126.99999999999976 0.2712780144374483 0.271277854900695 0.4574441306618566 1
127.99999999999976 0.2689130072166051 0.26891284309424873 0.46217414968914605 0.9999999999999999
128.99999999999974 0.26656335271713305 0.26656318392341727 0.46687346335944957 0.9999999999999999
129.99999999999974 0.26422960687944835 0.26422943332810767 0.4715409597924438 0.9999999999999998
130.99999999999974 0.2619123218537107 0.26191214345798847 0.4761755346883006 0.9999999999999998
131.99999999999974 0.25961204586918885 0.2596118625418556 0.48077609158895535 0.9999999999999998
132.99999999999974 0.2573293231045599 0.2573291347579321 0.48534154213750774 0.9999999999999998
133.99999999999974 0.2550646935591736 0.2550645001051327 0.48987080633569346 0.9999999999999998
134.99999999999972 0.25281869292531123 0.25281849427532294 0.4943628127993656 0.9999999999999998
135.99999999999972 0.25059185246147003 0.25059164852660404 0.4988164990119257 0.9999999999999998
136.99999999999972 0.24838469886670286 0.24838448955765272 0.5032308115756442 0.9999999999999998
137.99999999999972 0.24619775415604264 0.2461975393831461 0.507604706460811 0.9999999999999998
138.99999999999972 0.24403153553704135 0.2440313152103009 0.5119371492526575 0.9999999999999998
139.99999999999972 0.24188655528745265 0.24188632931655638 0.5162271153959908 0.9999999999999998
140.99999999999972 0.23976332063408698 0.23976308892842974 0.5204735904374831 0.9999999999999998
141.9999999999997 0.2376623336328679 0.2376620961015727 0.5246755702655592 0.9999999999999998
142.9999999999997 0.235584091050118 0.23558384760205778 0.528832061347824 0.9999999999999998
143.9999999999997 0.23352908424510238 0.23352883478892197 0.5329420809659754 0.9999999999999998
144.9999999999997 0.23149779905385764 0.23149754349799606 0.5370046574481461 0.9999999999999998
145.9999999999997 0.22949071567433363 0.2294904539270466 0.5410188303986195 0.9999999999999998
146.9999999999997 0.22750830855287524 0.22750804052225798 0.5449836509248666 0.9999999999999998
147.99999999999966 0.22555104627207112 0.22555077186608144 0.5488981818618472 0.9999999999999998
148.99999999999966 0.2236193914399957 0.22361911056647724 0.5527614979935269 0.9999999999999999
149.99999999999966 0.22171380058087076 0.22171351314757656 0.5565726862715525 0.9999999999999999
150.99999999999966 0.21983472402717236 0.21983442994178876 0.5603308460310388 0.9999999999999999
151.99999999999966 0.21798260581320877 0.2179823049833793 0.5640350892034118 0.9999999999999999
152.99999999999966 0.21615788357019433 0.21615757590354406 0.5676845405262615 0.9999999999999999
153.99999999999966 0.21436098842284415 0.21436067382700413 0.5712783377501516 0.9999999999999999
154.99999999999963 0.21259234488751413 0.21259202327014615 0.5748156318423396 0.9999999999999999
155.99999999999963 0.21085237077191027 0.21085204204073169 0.578295587187358 0.9999999999999999
156.99999999999963 0.20914147707639094 0.2091411411391999 0.5817173817844091 1
157.99999999999963 0.20746006789688562 0.20745972466158635 0.585080207441528 1
158.99999999999963 0.2058085403294528 0.20580818970408116 0.588383269966466 0.9999999999999999
159.99999999999963 0.20418728437649977 0.20418692626924895 0.5916257893542511 0.9999999999999999
160.99999999999963 0.20259668285468627 0.20259631717393267 0.594806999971381 0.9999999999999999
161.9999999999996 0.2010371113045339 0.20103673795886326 0.5979261507366028 1
162.9999999999996 0.19950893790176258 0.1995085567999962 0.6009825052982412 1
163.9999999999996 0.198012523370375 0.1980121344215962 0.6039753422080287 1
164.9999999999996 0.19654822089750956 0.1965478240110902 0.6069039550914002 0.9999999999999999
165.9999999999996 0.1951163760500818 0.19511597113570905 0.6097676528142091 1
166.9999999999996 0.19371732669323433 0.19371691366093752 0.6125657596458282 1
167.99999999999957 0.19235140291061398 0.19235098167079165 0.6152976154185944 1
168.99999999999957 0.19101892692649552 0.1910184973899426 0.6179625756835619 1
169.99999999999957 0.18972021302977002 0.189719775107705 0.6205600118625251 1
170.99999999999957 0.1884555674998157 0.18845512110390814 0.6230893113962762 1
171.99999999999957 0.18722528853426912 0.1872248335766671 0.6255498778890638 1
172.99999999999957 0.1860296661787132 0.18602920257207103 0.6279411312492158 1
173.99999999999957 0.18486898225829937 0.18486850991580522 0.6302625078258954 1
174.99999999999955 0.1837435103113192 0.18374302914672297 0.6325134605419579 1
175.99999999999955 0.1826535155247417 0.1826530254523829 0.6346934590228754 1
176.99999999999955 0.18159925467173138 0.1815987556065671 0.6368019897217015 1
177.99999999999955 0.1805809760511614 0.18058046790879445 0.6388385560400441 1
178.99999999999955 0.17959891942913692 0.17959840212584383 0.6408026784450193 1
179.99999999999955 0.17865331598254125 0.17865278943530058 0.6426938945821582 1
180.99999999999955 0.17774438824461927 0.17774385237113977 0.644511759384241 1
181.99999999999952 0.17687235005261004 0.17687180477135891 0.6462558451760311 1
182.99999999999952 0.1760374064974414 0.1760368517276727 0.6479257417748859 1
183.99999999999952 0.17523975387549823 0.17523918953728113 0.6495210565872207 1
184.99999999999952 0.17447957964247574 0.17447900565672297 0.6510414147008013 1
185.99999999999952 0.17375706236932864 0.17375647865782487 0.6524864589728465 1
186.99999999999952 0.17307237170032655 0.17307177818575673 0.6538558501139168 1
187.9999999999995 0.17242566831322542 0.17242506491920326 0.6551492667675713 1
188.9999999999995 0.17181710388156454 0.17181649053266082 0.6563664055857746 1
189.9999999999995 0.1712468210390976 0.17124619766086865 0.6575069813000337 1
190.9999999999995 0.1707149533463666 0.1707143198653826 0.6585707267882508 1
191.9999999999995 0.170221625259426 0.17022098160329935 0.6595573931372747 1
192.9999999999995 0.16976695210072482 0.16976629819813843 0.6604667497011368 1
193.9999999999995 0.16935104003215318 0.16935037581288873 0.6612985841549581 1
194.99999999999946 0.16897398603025984 0.168973311425226 0.6620527025445142 1
195.99999999999946 0.1686358778636463 0.1686351928049069 0.6627289293314469 1
196.99999999999946 0.16833679407254293 0.16833609849334502 0.6633271074341122 1
197.99999999999946 0.16807680395057167 0.16807609778537355 0.6638470982640549 1
198.99999999999946 0.1678559675286998 0.16785525071319896 0.6642887817581014 1
199.99999999999946 0.16767433556138817 0.1676736080325492 0.6646520564060627 1
200.99999999999946 0.1675319495149374 0.1675312112110197 0.664936839274043 1
201.99999999999943 0.16742884155803456 0.16742809241861994 0.6651430660233456 1
202.99999999999943 0.16736503455450227 0.16736427452052272 0.6652706909249751 1
203.99999999999943 0.16734054205825255 0.16733977107201742 0.6653196868697302 1.0000000000000002
204.99999999999943 0.16735536831044553 0.16735458631566905 0.6652900453738856 1.0000000000000002
205.99999999999943 0.16740950823885453 0.1674087151806829 0.6651817765804627 1.0000000000000002
206.99999999999943 0.167502947459437 0.16750214328447544 0.6649949092560877 1.0000000000000002
207.9999999999994 0.16763566228011104 0.16763484693645073 0.6647294907834385 1.0000000000000002
208.9999999999994 0.16780761970673652 0.16780679314398136 0.6643855871492823 1.0000000000000002
209.9999999999994 0.1680187774512994 0.16801793962059255 0.6639632829281082 1.0000000000000002
210.9999999999994 0.16826908394229695 0.1682682347963473 0.6634626812613559 1
211.9999999999994 0.1685584783373216 0.16855761783043005 0.6628839038322485 1
212.9999999999994 0.16888689053784017 0.16888601862592562 0.6622270908362343 1
213.9999999999994 0.16925424120616503 0.16925335784679033 0.6614924009470448 1
214.99999999999937 0.16966044178461295 0.1696595469370106 0.6606800112783765 1
215.99999999999937 0.17010539451684717 0.17010448814194473 0.6597901173412082 1
216.99999999999937 0.17058899247139733 0.17058807453184277 0.65882293299676 1
217.99999999999937 0.1711111195673518 0.17111019002753855 0.6577786904051097 1
218.99999999999937 0.17167165060221626 0.17167070942830798 0.6566576399694759 1
219.99999999999937 0.1722704512819315 0.1722694984418868 0.6554600502761818 1
220.99999999999937 0.17290737825304384 0.17290641371664056 0.6541862080303157 1
221.99999999999935 0.17358227913701982 0.1735813028758792 0.652836417987101 1
222.99999999999935 0.17429499256669745 0.17429400455430794 0.6514110028789947 1
223.99999999999935 0.17504534822486495 0.17504434843660588 0.6499103033385293 1
224.99999999999935 0.17583316688495804 0.17583215529812293 0.6483346778169191 1
225.99999999999935 0.17665826045386587 0.17665723704768554 0.6466845024984487 1
226.99999999999935 0.1775204320168354 0.17751939677250073 0.644960171210664 1
227.99999999999932 0.17841947588446352 0.17841842878514796 0.6431620953303886 1
228.99999999999932 0.17935517764176584 0.17935411867264764 0.6412907036855866 1
229.99999999999932 0.1803273141993101 0.18032624334759423 0.6393464424530958 1
230.99999999999932 0.18133565384640243 0.18133457110134218 0.6373297750522555 1
231.99999999999932 0.18237995630631343 0.18237886165923173 0.635241182034455 1.0000000000000002
232.99999999999932 0.1834599727935311 0.18345886623784147 0.6330811609686275 1
233.99999999999932 0.18457544607302695 0.18457432760425418 0.630850226322719 1.0000000000000002
234.9999999999993 0.18572611052152108 0.18572498013732155 0.6285489093411575 1
235.9999999999993 0.18691169219073178 0.18691054989091346 0.6261777579183548 1
236.9999999999993 0.1881319088725945 0.18813075465913656 0.623737336468269 1
237.9999999999993 0.18938647016643467 0.18938530404350676 0.6212282257900587 1
238.9999999999993 0.19067507754807836 0.19067389952205957 0.6186510229298622 1
239.9999999999993 0.19199742444088438 0.19199623452038186 0.6160063410387339 1
240.9999999999993 0.19335319628868106 0.19335199448454818 0.6132948092267709 1.0000000000000002
241.99999999999926 0.1947420706305899 0.1947408569559441 0.6105170724134662 1.0000000000000002
242.99999999999926 0.19616371717771888 0.1961624916479591 0.6076737911743222 1.0000000000000002
243.99999999999926 0.19761779789170678 0.19761656052453055 0.6047656415837629 1.0000000000000002
244.99999999999926 0.19910396706509992 0.19910271788052003 0.6017933150543803 1.0000000000000002
245.99999999999926 0.20062187140354235 0.2006206104239031 0.5987575181725547 1.0000000000000002
246.99999999999926 0.20217115010975972 0.20216987735975292 0.5956589725304875 1
247.99999999999923 0.2037514349693172 0.20375015047599748 0.5924984145546854 1
248.99999999999923 0.20536235043813053 0.20536105423093054 0.589276595330939 1
249.99999999999923 0.20700351373171016 0.2070022058424551 0.5859942804258348 1
250.99999999999923 0.20867453491611646 0.20867321537903832 0.5826522497048453 1
251.99999999999923 0.2103750170006049 0.21037368585235633 0.5792512971470388 1
252.99999999999923 0.2121045560319392 0.21210321331160678 0.5757922306564541 1
253.99999999999923 0.2138627411903497 0.2138613869394669 0.5722758718701835 1
254.9999999999992 0.2156491548871145 0.21564778914967417 0.5687030559632114 1
255.9999999999992 0.21746337286374 0.21746199568620633 0.5650746314500537 1
256.9999999999992 0.2193049642927173 0.21930357572403747 0.5613914599832452 1
257.9999999999992 0.22117349187983068 0.2211720919714459 0.5576544161487235 1
258.9999999999992 0.22306851196799357 0.22306710077384986 0.5538643872581567 1
259.9999999999992 0.22498957464258776 0.22498815221914603 0.5500222731382663 1
260.9999999999992 0.22693622383828047 0.22693479024452629 0.5461289859171934 1
261.9999999999992 0.2289079974472941 0.22890655274474694 0.5421854498079591 1.0000000000000002
262.9999999999992 0.23090442742910294 0.23090297168182494 0.5381926008890723 1.0000000000000002
263.9999999999992 0.2329250399215308 0.23292357319613502 0.5341513868823343 1
264.99999999999915 0.23496935535322305 0.23496787771888134 0.5300627669278958 1.0000000000000002
265.99999999999915 0.23703688855746677 0.237035400085917 0.5259277113566164 1.0000000000000002
266.99999999999915 0.23912714888733136 0.23912564965288435 0.5217472014597845 1.0000000000000002
267.99999999999915 0.24123964033210302 0.24123813041164877 0.5175222292562485 1.0000000000000002
268.99999999999915 0.24337386163498478 0.24337234110799835 0.5132537972570171 1.0000000000000002
269.99999999999915 0.24552930641203477 0.2455277753605815 0.508942918227384 1.0000000000000004
270.99999999999915 0.24770546327231388 0.24770392178105435 0.504590614946632 1.0000000000000002
271.99999999999915 0.24990181593921496 0.24990026409540914 0.5001979199653762 1.0000000000000004
272.99999999999915 0.2521178433729442 0.2521162812664553 0.4957658753606008 1.0000000000000004
273.99999999999915 0.254353019894126 0.2543514476174238 0.4912955324884505 1.0000000000000002
274.99999999999915 0.25660681530850193 0.2566052329566654 0.48678795173483297 1.0000000000000002
275.99999999999915 0.25887869503269395 0.2588771027034136 0.48224420226389275 1.0000000000000004
276.99999999999915 0.26116812022100255 0.26116651801458207 0.4776653617644157 1.0000000000000004
277.9999999999991 0.2634745478932092 0.2634729359125667 0.47305251619422445 1.0000000000000004
278.9999999999991 0.2657974310633532 0.2657958094140218 0.46840675952262534 1.0000000000000004
279.9999999999991 0.2681362188694522 0.2681345876595802 0.4637291934709679 1.0000000000000004
280.9999999999991 0.27049035670413574 0.2704887160444861 0.4590209272513785 1.0000000000000004
281.9999999999991 0.2728592863461605 0.27285763635010996 0.45428307730372985 1.0000000000000004
282.9999999999991 0.27524244609277665 0.27524078687631426 0.4495167670309094 1.0000000000000004
283.9999999999991 0.27763927089291335 0.2776376025746385 0.4447231265324485 1.0000000000000004
284.9999999999991 0.2800491924811523 0.28004751518227194 0.4399032923365761 1.0000000000000004
285.9999999999991 0.282471639512457 0.2824699533567828 0.43505840713076055 1.0000000000000004
286.9999999999991 0.28490603769762657 0.28490434281157107 0.43018961949080275 1.0000000000000004
287.9999999999991 0.28735180993944104 0.28735010645201353 0.42529808360854576 1.0000000000000004
288.9999999999991 0.2898083764694669 0.28980666451226866 0.4203849590182648 1.0000000000000004
289.9999999999991 0.29227515498548945 0.29227343469270844 0.41545141032180244 1.0000000000000004
290.9999999999991 0.2947515607895402 0.29474983229794527 0.41049860691251494 1.0000000000000004
291.99999999999903 0.297237006926486 0.29723527037542047 0.4055277226980939 1.0000000000000004
292.99999999999903 0.29973090432314775 0.29972915985452236 0.4005399358223303 1.0000000000000004
293.99999999999903 0.30223266192791454 0.30223090968620026 0.3955364283858856 1.0000000000000004
294.99999999999903 0.3047416868508217 0.30473992698304136 0.3905183861661373 1.0000000000000004
295.99999999999903 0.3072573845040582 0.30725561715977806 0.3854869983361641 1.0000000000000004
296.99999999999903 0.3097791587428707 0.30977738407419125 0.38044345718293837 1.0000000000000004
297.99999999999903 0.312306412006831 0.31230463016837734 0.375388957824792 1.0000000000000004
298.99999999999903 0.31483854546143303 0.3148367566103445 0.3703246979282228 1.0000000000000004
299.99999999999903 0.317374959139986 0.3173731634359055 0.36525187742410886 1.0000000000000004
300.99999999999903 0.3199150520857702 0.3199132496908328 0.36017169822339734 1.0000000000000004
301.99999999999903 0.3224582224944217 0.3224564135732426 0.35508536393233603 1.0000000000000004
302.99999999999903 0.3250038678565118 0.32500205257617426 0.34999407956731426 1.0000000000000002
303.99999999999903 0.32755138510028853 0.3275495636303304 0.3448990512693814 1.0000000000000004
304.999999999999 0.3301001707345449 0.33009834324694537 0.33980148601851007 1.0000000000000004
305.999999999999 0.33264962099158135 0.33264778766074676 0.33470259134767216 1.0000000000000002
306.999999999999 0.33519913197022794 0.3351972929729771 0.32960357505679516 1.0000000000000002
307.999999999999 0.33774809977889225 0.3377462552944414 0.32450564492666656 1.0000000000000002
308.999999999999 0.34029592067859965 0.3402940708885465 0.3194100084328541 1.0000000000000002
309.999999999999 0.3428419912259914 0.34284013631429905 0.3143178724597099 1.0000000000000004
310.999999999999 0.34538570841624744 0.3453838485692274 0.30923044301452557 1.0000000000000004
311.999999999999 0.34792646982589925 0.34792460523219415 0.30414892494190693 1.0000000000000004
312.999999999999 0.35046367375549975 0.3504618046060655 0.2990745216384351 1.0000000000000004
313.999999999999 0.3529967193721156 0.3529948458602029 0.2940084347676819 1.0000000000000004
314.999999999999 0.3555250068516089 0.35552312917274426 0.2889518639756472 1.0000000000000004
315.999999999999 0.3580479375206744 0.35804605587264055 0.28390600660668547 1.0000000000000004
316.999999999999 0.36056491399859786 0.3605630285814139 0.27887205741998855 1.0000000000000004
317.9999999999989 0.3630753403387036 0.36307345135460434 0.2738512083066924 1.0000000000000004
318.9999999999989 0.3655786221694558 0.3655767298228706 0.26884464800767394 1.0000000000000004
319.9999999999989 0.36807416683518174 0.36807227133271303 0.26385356183210557 1.0000000000000004
320.9999999999989 0.3705613835363827 0.37055948508678377 0.2588791313768339 1.0000000000000004
321.9999999999989 0.3730396834695998 0.37303778228375223 0.2539225342466483 1.0000000000000002
322.9999999999989 0.37550847996680153 0.3755065762576919 0.2489849437755069 1.0000000000000004
323.9999999999989 0.37796718863425965 0.37796528261695606 0.24406752874878462 1.0000000000000002
324.9999999999989 0.3804152274908813 0.380413319382509 0.23917145312661003 1.0000000000000004
325.9999999999989 0.38285201710596384 0.38285010712568057 0.23429787576835592 1.0000000000000004
326.9999999999989 0.3852769807363402 0.3852750691053111 0.22944795015834904 1.0000000000000004
327.9999999999989 0.3876895444628823 0.38768763140425416 0.22462282413286394 1.0000000000000004
328.9999999999989 0.39008913732632994 0.39008722306520505 0.2198236396084654 1.0000000000000004
329.9999999999989 0.3924751914624136 0.39247327622582295 0.21505153231176383 1.0000000000000004
330.9999999999989 0.39484714223623824 0.3948452262531146 0.21030763151064757 1.0000000000000004
331.99999999999886 0.39720442837589726 0.39720251187704736 0.2055930597470558 1.0000000000000004
332.99999999999886 0.3995464921052845 0.39954457532336096 0.20090893257135495 1.0000000000000004
333.99999999999886 0.4018727792760728 0.4018708624455456 0.19625635827838195 1.0000000000000004
334.99999999999886 0.40418273949882827 0.4041808228559556 0.1916364376452165 1.0000000000000002
335.99999999999886 0.4064758262732287 0.4064739100560274 0.1870502636707443 1.0000000000000004
336.99999999999886 0.4087514971173558 0.4087495815655715 0.18249892131707304 1.0000000000000004
337.99999999999886 0.41100921369603066 0.4110072990511072 0.1779834872528625 1.0000000000000004
338.99999999999886 0.4132484419481614 0.4132465284532101 0.1735050295986289 1.0000000000000004
339.99999999999886 0.41546865221307394 0.41546674011284207 0.16906460767408438 1.0000000000000004
340.99999999999886 0.41766931935579515 0.4176674088966343 0.16466327174757095 1.0000000000000004
341.99999999999886 0.4198499228912591 0.4198480143210928 0.1603020627876485 1.0000000000000004
342.99999999999886 0.42200994710740697 0.4220080406756982 0.15598201221689525 1.0000000000000004
343.99999999999886 0.42414888118715155 0.42414697714486954 0.15170414166797933 1.0000000000000004
344.9999999999988 0.42626621932917746 0.42626431792876435 0.14746946274205858 1.0000000000000004
345.9999999999988 0.4283614608675486 0.4283595623628853 0.14327897676956644 1.0000000000000002
346.9999999999988 0.43043411039009427 0.4304322150364663 0.13913367457343978 1.0000000000000002
347.9999999999988 0.43248367785554626 0.4324817859096089 0.13503453623484518 1.0000000000000004
348.9999999999988 0.4345096787093991 0.43450779042914245 0.13098253086145875 1.0000000000000002
349.9999999999988 0.4365116339984663 0.43650974964317957 0.12697861635835442 1.0000000000000002
350.9999999999988 0.4384890704841049 0.4384871903143406 0.12302373920155485 1.0000000000000004
351.9999999999988 0.44044152075408216 0.4404396450316198 0.11911883421429838 1.0000000000000004
352.9999999999988 0.44236852333305793 0.44236665232086736 0.11526482434607505 1.0000000000000002
353.9999999999988 0.44426962279165605 0.44426775675386043 0.11146262045448387 1.0000000000000004
354.9999999999988 0.44614436985409955 0.44614250905593794 0.10771312108996287 1.0000000000000004
355.9999999999988 0.44799232150438395 0.4479904662121736 0.10401721228344278 1.0000000000000004
356.9999999999988 0.4498130410909637 0.44981119157206195 0.10037576733697469 1.0000000000000004
357.99999999999875 0.4516060984299268 0.45160425495269263 0.09678964661738086 1.0000000000000002
358.99999999999875 0.4533710699066337 0.45336923274038887 0.09325969735297779 1.0000000000000004
359.99999999999875 0.4551075385757954 0.45510570799078565 0.08978675343341927 1.0000000000000004
360.99999999999875 0.456815094259969 0.45681327052732434 0.08637163521270697 1.0000000000000004
361.99999999999875 0.45849333364644523 0.4584915170381403 0.08301514931541477 1.0000000000000002
362.99999999999875 0.4601418603825066 0.4601400511713206 0.07971808844617305 1.0000000000000002
363.99999999999875 0.4617602851690332 0.4617584836285097 0.0764812312024574 1.0000000000000002
364.99999999999875 0.4633482258524339 0.4633464322568399 0.07330534189072647 1.0000000000000004
365.99999999999875 0.4649053075148814 0.4649035221391668 0.07019117034595208 1.0000000000000002
366.99999999999875 0.46643116256283 0.4664293856825861 0.0671394517545842 1.0000000000000002
367.99999999999875 0.46792543081379473 0.46792366270521274 0.06415090648099281 1.0000000000000002
368.99999999999875 0.4693877595813717 0.4693860005212013 0.06122623989742732 1.0000000000000002
369.99999999999875 0.4708178037584796 0.4708160540239867 0.058366142217534 1.0000000000000004
370.99999999999875 0.47221522589880266 0.4722134857677272 0.05557128833347042 1.0000000000000002
371.9999999999987 0.47357969629641555 0.47357796604692914 0.05284233765665556 1.0000000000000002
372.9999999999987 0.4749108930635721 0.4749091729742352 0.050179933962193016 1.0000000000000004
373.9999999999987 0.47620850220663863 0.47620679255635756 0.04758470523700412 1.0000000000000004
374.9999999999987 0.47747221770015486 0.47747051876813873 0.04505726353170673 1.0000000000000004
375.9999999999987 0.47870174155900413 0.47870005362472157 0.04259820481627461 1.0000000000000002
376.9999999999987 0.4798967839086767 0.47989510725181206 0.04020810883951155 1.0000000000000004
377.9999999999987 0.4810570630536087 0.4810553979540184 0.0378875389923732 1.0000000000000002
378.9999999999987 0.4821823055435813 0.48218065228125 0.035637042175168984 1.0000000000000004
379.9999999999987 0.4832722462381644 0.48327060509316067 0.0334571486686753 1.0000000000000002
380.9999999999987 0.4843266283691889 0.48432499962162107 0.031348372009190426 1.0000000000000004
381.9999999999987 0.48534520360123407 0.4853435875312057 0.02931120886756057 1.0000000000000004
382.9999999999987 0.48632773209011476 0.48632612897768007 0.027346138932205524 1.0000000000000004
383.9999999999987 0.48727398253935483 0.487272392664474 0.02545362479617151 1.0000000000000002
384.99999999999864 0.4881837322546342 0.4881821558971283 0.023634111848237795 1.0000000000000002
385.99999999999864 0.4890567671961957 0.4890552046357019 0.021888028168102723 1.0000000000000002
386.99999999999864 0.4898928820292001 0.48989133354512643 0.020215784425673778 1.0000000000000004
387.99999999999864 0.4906918801720174 0.4906903460434974 0.01861777378448545 1.0000000000000002
388.99999999999864 0.4914535738424426 0.49145205434829015 0.017094371809267535 1.0000000000000002
389.99999999999864 0.4921777841018254 0.4921762795204892 0.015645936377685674 1.0000000000000002
390.99999999999864 0.49286434089710374 0.49286285150662174 0.014272807596274799 1.0000000000000002
391.99999999999864 0.49351308310073055 0.4935116091786844 0.012975307720585291 1.0000000000000002
392.99999999999864 0.4941238585484851 0.4941224003719546 0.01175374107956056 1.0000000000000002
393.99999999999864 0.4946965240751597 0.4946950819206768 0.010608394004163805 1.0000000000000004
394.99999999999864 0.4952309455481132 0.4952295196916164 0.009539534760270706 1.0000000000000002
395.99999999999864 0.495726997898684 0.4957255886154725 0.008547413485843734 1.0000000000000002
396.99999999999864 0.4961845651514548 0.4961831727161426 0.007632262132402829 1.0000000000000002
397.9999999999986 0.496603540451362 0.49660216513783206 0.006794294410806129 1.0000000000000002
398.9999999999986 0.4969838260886442 0.4969824681700026 0.006033705741353404 1.0000000000000002
399.9999999999986 0.4973253335216232 0.4973239932701531 0.005350673208223868 1.0000000000000002
400.9999999999986 0.49762798339731273 0.4976266610844285 0.004745355518258966 1.0000000000000002
401.9999999999986 0.49789170556984946 0.49789040146605096 0.004217892964099745 1.0000000000000002
402.9999999999986 0.49811643911674314 0.49811515349156965 0.0037684073916873576 1
403.9999999999986 0.4983021323529407 0.4983008654749252 0.0033970021721342206 1
404.9999999999986 0.49844874284270224 0.49844749497932556 0.003103762177972329 1.0000000000000002
405.9999999999986 0.49855623740928545 0.4985550088269305 0.0028887537637841665 1
406.9999999999986 0.4986245921424367 0.4986233831063428 0.0027520247512206313 1.0000000000000002
407.9999999999986 0.4986537924036868 0.498652603177904 0.0026936044184093532 1.0000000000000002
408.9999999999986 0.4986438328294504 0.498642663676794 0.0027135034937557333 1.0000000000000002
409.9999999999986 0.49859471733192856 0.49859356851393355 0.0028117141541380013 1
410.9999999999986 0.49850645909781394 0.4985053308746896 0.0029882100274965452 1
411.9999999999985 0.4983790805847993 0.4983779732153841 0.0032429461998167244 1
412.9999999999985 0.49821261351589036 0.49821152725760637 0.003575859226503335 1
413.9999999999985 0.498007098871524 0.4980060339803322 0.003986867148143867 1
414.9999999999985 0.4977625868794941 0.49776154360984937 0.004475869510656634 1
415.9999999999985 0.49747913700268753 0.4974781156074937 0.00504274738981884 1.0000000000000002
416.9999999999985 0.49715681792463307 0.4971558186551984 0.005687363420168593 1
417.9999999999985 0.4967957075328668 0.4967947306388594 0.006409561828273845 1
418.9999999999985 0.49639589290011815 0.49639493862952166 0.007209168470360214 1
419.9999999999985 0.49595747026332104 0.4959565388623904 0.008085990874288589 1
420.9999999999985 0.4954805450004551 0.4954796367136725 0.009039818285872414 1
421.9999999999985 0.49496523160522254 0.4949643466752539 0.010070421719523501 1
422.9999999999985 0.49441165365956735 0.49441079232721835 0.011177554013214205 0.9999999999999999
423.9999999999985 0.49381994380404215 0.49381910630821496 0.012360949887742775 0.9999999999999999
424.99999999999847 0.49319024370603104 0.4931894302836812 0.013620326010287667 0.9999999999999998
425.99999999999847 0.49252270402583553 0.49252191491192876 0.014955381062235602 0.9999999999999999
426.99999999999847 0.49181748438063155 0.4918167198081012 0.016365795811267122 0.9999999999999998
427.99999999999847 0.49107475330630646 0.491074013506011 0.017851233187682412 0.9999999999999999
428.99999999999847 0.4902946882171851 0.4902939734178657 0.019411338364949137 0.9999999999999999
429.99999999999847 0.4894774753636541 0.48947678579189274 0.021045738844453044 0.9999999999999999
430.99999999999847 0.4886233097876956 0.4886226456678732 0.02275404454443109 0.9999999999999999
431.99999999999847 0.48773239527633944 0.4877317568305946 0.024535847893065874 0.9999999999999999
432.99999999999847 0.4868049443130466 0.48680433176123417 0.026390723925719128 0.9999999999999999
433.99999999999847 0.48584117802703425 0.4858405915866845 0.028318230386281118 0.9999999999999999
434.99999999999847 0.484841326140555 0.4848407660268332 0.03031790783261175 0.9999999999999999
435.99999999999847 0.4838056269141429 0.48380509333980876 0.03238927974604823 0.9999999999999999
436.99999999999847 0.48273432708983943 0.48273382026520717 0.03453185264495325 0.9999999999999999
437.9999999999984 0.4816276818324123 0.481627201965311 0.03674511620227655 0.9999999999999998
438.9999999999984 0.48048595466858174 0.48048550196431616 0.03902854336710191 0.9999999999999999
439.9999999999984 0.47930941742426897 0.47930899208558025 0.041381590490150624 0.9999999999999999
440.9999999999984 0.47809835015988056 0.4780979523869077 0.043803697453211526 0.9999999999999999
441.9999999999984 0.4768530411036457 0.4768526710938873 0.04629428780246684 0.9999999999999998
442.9999999999984 0.4755737865830208 0.475573444531297 0.048852768885681984 0.9999999999999999
443.9999999999984 0.474260890954179 0.47426057705259395 0.05147853199322685 0.9999999999999998
444.9999999999984 0.4729146665296001 0.4729143809675048 0.054170952502894845 0.9999999999999998
445.9999999999984 0.4715354335037796 0.4715351764677349 0.05692939002848534 0.9999999999999998
446.9999999999984 0.4701235198770726 0.47012329155081306 0.059753188572114174 0.9999999999999999
447.9999999999984 0.4686792613776932 0.4686790619420907 0.0626416766802159 0.9999999999999999
448.9999999999984 0.46720300138188536 0.4672028310149136 0.06559416760320085 0.9999999999999998
449.9999999999984 0.4656950908322858 0.46569494970898523 0.06860995945872882 0.9999999999999998
450.9999999999984 0.46415588815449804 0.46415577644694095 0.0716883353985608 0.9999999999999998
451.99999999999835 0.4625857591718974 0.46258567704915343 0.07482856377894892 0.9999999999999998
452.99999999999835 0.4609850770186867 0.4609850246467889 0.07802989833452417 0.9999999999999998
453.99999999999835 0.4593542220512238 0.4593541995931354 0.08129157835564059 0.9999999999999998
454.99999999999835 0.4576935817576425 0.4576935893732235 0.08461282886913367 0.9999999999999998
455.99999999999835 0.45600355066578735 0.4560035885117621 0.08799286082245025 0.9999999999999998
456.99999999999835 0.45428453024948445 0.4542845984794094 0.09143087127110588 0.9999999999999998
457.99999999999835 0.4525369288331712 0.4525370275974032 0.09492604356942531 0.9999999999999998
458.99999999999835 0.45076116149490686 0.4507612909405721 0.09847754756452076 0.9999999999999998
459.99999999999835 0.44895764996778736 0.44895781023875053 0.10208453979346181 0.9999999999999997
460.99999999999835 0.44712682253978775 0.4471270137766218 0.10574616368359017 0.9999999999999997
461.99999999999835 0.4452691139520558 0.4452693362920121 0.10946154975593177 0.9999999999999997
462.99999999999835 0.4433849652956814 0.4433852188726606 0.11322981583165773 0.9999999999999997
463.99999999999835 0.4414748239069655 0.4414751088514888 0.1170500672415454 0.9999999999999997
464.9999999999983 0.43953914326121474 0.43953945970039543 0.12092139703838954 0.9999999999999998
465.9999999999983 0.4375783828650852 0.4375787309226012 0.12484288621231329 0.9999999999999997
466.9999999999983 0.43559300814750274 0.4355933879435691 0.12881360390892788 0.9999999999999998
467.9999999999983 0.43358349034918403 0.43358390200052654 0.13283260765028912 0.9999999999999997
468.9999999999983 0.43155030641078623 0.43155075003061505 0.13689894355859844 0.9999999999999997
469.9999999999983 0.4294939388597102 0.4294944145576943 0.1410116465825952 0.9999999999999998
470.9999999999983 0.4274148756955855 0.4274153835778276 0.14516974072658667 0.9999999999999998
471.9999999999983 0.42531361027446335 0.4253141504434753 0.14937223928206114 0.9999999999999998
472.9999999999983 0.42319064119174565 0.4231912137464246 0.15361814506182955 0.9999999999999999
473.9999999999983 0.4210464721638776 0.42104707719948253 0.15790645063663966 0.9999999999999998
474.9999999999983 0.41888161190883205 0.41888224951696085 0.16223613857420688 0.9999999999999998
475.9999999999983 0.4166965740254138 0.41669724429398103 0.16660618168060495 0.9999999999999998
476.9999999999983 0.4144918768714127 0.4144925798846278 0.17101554324395932 0.9999999999999998
477.99999999999824 0.41226804344063417 0.4122687792789804 0.17546317728038516 0.9999999999999998
478.99999999999824 0.4100256012388369 0.41002636997905084 0.17994802878211202 0.9999999999999998
479.99999999999824 0.40776508215860624 0.4077658838736576 0.18446903396773595 0.9999999999999998
480.99999999999824 0.40548702235319384 0.40548785711226615 0.18902512053453976 0.9999999999999998
481.99999999999824 0.40319196210935293 0.40319282997782485 0.19361520791282197 0.9999999999999998
482.99999999999824 0.40088044571919956 0.4008813467586267 0.1982382075221735 0.9999999999999997
483.99999999999824 0.39855302135113047 0.3985539556192275 0.20289302302964182 0.9999999999999999
484.99999999999824 0.3962102409198274 0.3962112084704513 0.2075785506097211 0.9999999999999998
485.99999999999824 0.3938526599553796 0.39385366083851336 0.2122936792061068 0.9999999999999998
486.99999999999824 0.3914808374715553 0.3914818717332919 0.21703729079515258 0.9999999999999998
487.99999999999824 0.3890953358332528 0.38909640351578006 0.22180826065096695 0.9999999999999998
488.99999999999824 0.3866967206231632 0.3866978217647494 0.22660545761208717 0.9999999999999998
489.99999999999824 0.38428556050767654 0.3842866951426565 0.23142774434966673 0.9999999999999998
490.99999999999824 0.38186242710206253 0.38186359526082414 0.23627397763711308 0.9999999999999998
491.9999999999982 0.37942789483495826 0.37942909654392987 0.2411430086211116 0.9999999999999997
492.9999999999982 0.3769825408121948 0.37698377609383327 0.24603368309397164 0.9999999999999997
493.9999999999982 0.37452694467999526 0.37452821355277444 0.25094484176723 0.9999999999999997
494.9999999999982 0.3720616884875764 0.3720629909659764 0.25587532054644685 0.9999999999999996
495.9999999999982 0.3695873565491866 0.36958869264368355 0.26082395080712956 0.9999999999999998
496.9999999999982 0.36710453530561254 0.36710590502266927 0.2657895596717179 0.9999999999999998
497.9999999999982 0.3646138131851882 0.3646152165272452 0.2707709702875663 0.9999999999999998
498.9999999999982 0.36211578046433807 0.3621172174298054 0.27576700210585625 0.9999999999999998
499.9999999999982 0.35961102912768844 0.3596124997109381 0.2807764711613732 0.9999999999999998
500.9999999999982 0.3571001527277795 0.35710165691913853 0.2857981903530818 0.9999999999999998
501.9999999999982 0.35458374624441175 0.3545852840301558 0.29083096972543226 0.9999999999999998
502.9999999999982 0.35206240594365973 0.35206397730600775 0.29587361675033236 0.9999999999999998
503.9999999999982 0.34953672923658696 0.34953833415369584 0.30092493660971703 0.9999999999999998
504.9999999999981 0.34700731453769496 0.34700895298365547 0.3059837324786494 0.9999999999999998
505.9999999999981 0.3444747611231404 0.34447643306797343 0.311048805808886 0.9999999999999998
506.9999999999981 0.3419396689887538 0.3419413743984073 0.3161189566128387 0.9999999999999998
507.9999999999981 0.3394026387078932 0.33940437754424 0.3211929837478665 0.9999999999999998
508.9999999999981 0.3368642712891671 0.33686604351000293 0.32626968520082966 0.9999999999999997
509.9999999999981 0.3343251680340594 0.3343269735931019 0.3313478583728385 0.9999999999999998
510.9999999999981 0.3317859303944908 0.3317877692413792 0.33642630036412974 0.9999999999999998
511.9999999999981 0.32924715983035063 0.3292490319106461 0.34150380825900295 0.9999999999999997
512.9999999999981 0.32670945766703197 0.3267113629222183 0.3465791794107494 0.9999999999999996
513.9999999999981 0.3241734249530044 0.32417536332048974 0.35165121172650554 0.9999999999999998
514.9999999999981 0.32163966231745794 0.321641633730577 0.3567187039519647 0.9999999999999997
515.9999999999981 0.31910876982805236 0.3191107742160692 0.36178045595587816 0.9999999999999998
516.9999999999981 0.3165813468488044 0.31658338413691606 0.3668352690142792 0.9999999999999997
517.9999999999981 0.3140579918981481 0.31406006200748876 0.37188194609436287 0.9999999999999997
518.9999999999981 0.31153930250720036 0.31154140535484626 0.3769192921379531 0.9999999999999998
519.9999999999981 0.30902587507826657 0.3090280105772414 0.3819461143444918 0.9999999999999998
520.9999999999981 0.30651830474361874 0.30652047280289985 0.38696122245348125 0.9999999999999998
521.9999999999981 0.3040171852245804 0.3040193857491056 0.39196342902631387 0.9999999999999998
522.9999999999981 0.30152310869095106 0.30152534158162614 0.39695154972742264 0.9999999999999999
523.9999999999981 0.2990366656208041 0.2990389307745108 0.4019244036046849 0.9999999999999998
524.9999999999981 0.2965584446606904 0.29656074197029536 0.406880813369014 0.9999999999999998
525.9999999999981 0.2940890324862819 0.2940913618406458 0.4118196056730721 0.9999999999999998
526.9999999999981 0.2916290136634869 0.29163137494747493 0.416739611389038 0.9999999999999998
527.9999999999981 0.28917897051007146 0.2891813636045635 0.42163966588536483 0.9999999999999998
528.9999999999981 0.28673948295781787 0.28674190773972014 0.42651860930246177 0.9999999999999998
529.9999999999981 0.2843111284152544 0.28431358475751134 0.43137528682723403 0.9999999999999998
530.9999999999981 0.2818944816309878 0.28189696940259473 0.43620854896641725 0.9999999999999998
531.9999999999981 0.2794901145576715 0.2794926336236878 0.4410172518186405 0.9999999999999998
532.9999999999981 0.27709859621664135 0.2771011464382044 0.44580025734515405 0.9999999999999998
533.9999999999981 0.27472049256325104 0.27472307379759064 0.4505564336391581 0.9999999999999998
534.9999999999981 0.2723563663529392 0.27235897845339274 0.45528465519366784 0.9999999999999998
535.9999999999981 0.2700067770080596 0.2700094198240878 0.45998380316785237 0.9999999999999998
536.9999999999981 0.26767228048550623 0.2676749538627096 0.46465276565178393 0.9999999999999998
537.9999999999981 0.2653534291451645 0.2653561329253003 0.46929043792953495 0.9999999999999998
538.999999999998 0.2630507716192197 0.2630535056402194 0.4738957227405607 0.9999999999999998
539.999999999998 0.2607648526823533 0.260767616778341 0.4784675305393055 0.9999999999999998
540.999999999998 0.2584962131228585 0.2584990071241697 0.4830047797529716 0.9999999999999998
541.999999999998 0.256245389614705 0.25624821334790593 0.48750639703738885 0.9999999999999998
542.999999999998 0.2540129145905833 0.254015767878491 0.4919713175309255 0.9999999999999998
543.999999999998 0.2517993161159585 0.25180219877766163 0.4963984851063796 0.9999999999999998
544.999999999998 0.24960511776416416 0.24960802961504397 0.5007868526207916 0.9999999999999998
545.999999999998 0.2474308384925643 0.2474337793443166 0.5051353821631188 0.9999999999999998
546.999999999998 0.24527699251981436 0.2452799621804718 0.5094430452997135 0.9999999999999997
547.999999999998 0.24314408920424904 0.2431470874782042 0.5137088233175464 0.9999999999999997
548.999999999998 0.24103263292342647 0.24103565961145537 0.5179317074651179 0.9999999999999997
549.999999999998 0.23894312295485673 0.23894617785414293 0.5221106991910001 0.9999999999999998
550.999999999998 0.23687605335794326 0.23687913626210258 0.5262448103799539 0.9999999999999997
551.999999999998 0.23483191285716487 0.23483502355627067 0.5303330635865642 0.9999999999999998
552.999999999998 0.23281118472652607 0.23281432300713503 0.5343744922663386 0.9999999999999997
553.999999999998 0.230814346675303 0.2308175123204815 0.5383681410042152 0.9999999999999997
554.999999999998 0.228841870735112 0.22884506352446302 0.5423130657404247 0.9999999999999998
555.999999999998 0.22689422314832738 0.226897442858018 0.5462083339936543 0.9999999999999997
556.999999999998 0.22497186425787513 0.22497511066066447 0.5500530250814601 0.9999999999999998
557.999999999998 0.22307524839842813 0.2230785212636959 0.5538462303378757 0.9999999999999998
558.999999999998 0.2212048237890289 0.2212081228828045 0.5575870533281664 0.9999999999999998
559.999999999998 0.2193610324271653 0.21936435751215733 0.5612746100606771 0.9999999999999998
560.999999999998 0.21754430998432384 0.21754766081995022 0.5649080291957257 0.9999999999999998
561.999999999998 0.2157550857030459 0.21575846204546448 0.5684864522514893 0.9999999999999997
562.999999999998 0.2139937822955105 0.2139971838976501 0.5720090338068391 0.9999999999999997
563.999999999998 0.212260815843668 0.21226424245526013 0.5754749417010716 0.9999999999999998
564.9999999999978 0.21055659570094828 0.2105600470685592 0.5788833572304922 0.9999999999999997
565.9999999999978 0.2088815243955667 0.20888500026262988 0.5822334753418031 0.9999999999999998
566.9999999999978 0.20723599753545016 0.20723949764229949 0.58552450482225 0.9999999999999997
567.9999999999978 0.2056204037148065 0.20562392779870975 0.5887556684864834 0.9999999999999997
568.9999999999978 0.20403512442235866 0.2040386722175515 0.5919262033600895 0.9999999999999997
569.9999999999978 0.20248053395126567 0.20248410518898616 0.5950353608597478 0.9999999999999997
570.9999999999978 0.20095699931075145 0.20096059371927494 0.5980824069699733 0.9999999999999997
571.9999999999978 0.19946488013946256 0.19946849744413703 0.6010666224164001 0.9999999999999997
572.9999999999978 0.19800452862057516 0.19800816854385703 0.6039873028355675 0.9999999999999997
573.9999999999978 0.1965762893986712 0.19657995166016157 0.6068437589411668 0.9999999999999996
574.9999999999978 0.19518049949840363 0.19518418381488498 0.609635316686711 0.9999999999999996
575.9999999999978 0.19381748824496975 0.19382119433044295 0.6123613174245869 0.9999999999999996
576.9999999999978 0.1924875771864113 0.1924913047521332 0.6150211180614551 0.9999999999999996
577.9999999999978 0.19119108001775995 0.19119482877228117 0.6176140912099585 0.9999999999999996
578.9999999999978 0.18992830250704573 0.18993207215624908 0.6201396253367047 0.9999999999999996
579.9999999999978 0.18869954242318612 0.18870333267032524 0.6225971249064882 0.9999999999999996
580.9999999999978 0.18750508946577274 0.1875089000115112 0.6249860105227156 0.9999999999999996
581.9999999999978 0.18634522519677205 0.1863490557392227 0.6273057190640048 0.9999999999999996
582.9999999999978 0.18522022297415633 0.18522407320892126 0.6295557038169219 0.9999999999999996
583.9999999999978 0.18413034788748056 0.18413421750769124 0.6317354346048277 0.9999999999999996
584.9999999999978 0.1830758566954203 0.18307974539177807 0.6338443979128011 0.9999999999999996
585.9999999999978 0.18205699776528542 0.1820609052261024 0.6358820970086116 0.9999999999999994
586.9999999999978 0.18107401101452367 0.18107793692576402 0.6378480520597117 0.9999999999999994
587.9999999999978 0.18012712785422827 0.1801310718995497 0.6397418002462215 0.9999999999999994
588.9999999999978 0.1792165711346624 0.17922053299545807 0.641562895869879 0.9999999999999996
589.9999999999978 0.17834255509281383 0.17834653444825446 0.6433109104589312 0.9999999999999994
590.9999999999978 0.17750528530199144 0.17750928182906797 0.6449854328689401 0.9999999999999994
591.9999999999977 0.17670495862347635 0.17670897199704258 0.6465860693794805 0.9999999999999994
592.9999999999977 0.17594176316023813 0.17594579305305383 0.6481124437867075 0.9999999999999994
593.9999999999977 0.17521587821272752 0.17521992429550187 0.6495641974917701 0.9999999999999994
594.9999999999977 0.17452747423675596 0.1745315361781912 0.6509409895850523 0.9999999999999994
595.9999999999977 0.17387671280347178 0.173880790270307 0.6522424969262207 0.9999999999999996
596.9999999999977 0.17326374656144228 0.1732678392184977 0.6534684142200595 0.9999999999999996
597.9999999999977 0.17268871920085094 0.17269282671107228 0.6546184540880763 0.9999999999999996
598.9999999999977 0.17215176541981786 0.172155887444321 0.6556923471358607 0.9999999999999996
599.9999999999977 0.1716530108928515 0.17165714709096738 0.6566898420161806 0.9999999999999996
600.9999999999977 0.17119257224143905 0.17119672227075874 0.6576107054878018 0.9999999999999996
601.9999999999977 0.17077055700678215 0.17077472052320228 0.6584547224700151 0.9999999999999996
602.9999999999977 0.17038706362468475 0.17039124028245295 0.6592216960928619 0.9999999999999996
603.9999999999977 0.17004218140259858 0.17004637085435925 0.6599114477430418 0.9999999999999996
604.9999999999977 0.16973599049883156 0.1697401923956718 0.6605238171054962 0.9999999999999996
605.9999999999977 0.16946856190392443 0.1694727758954202 0.661058662200655 0.9999999999999997
606.9999999999977 0.16923995742419945 0.1692441831584618 0.6615158594173384 0.9999999999999996
607.9999999999977 0.16905022966748526 0.16905446679120673 0.6618953035413077 0.9999999999999997
608.9999999999977 0.16889942203102096 0.1689036701895223 0.6621969077794564 0.9999999999999997
609.9999999999977 0.16878756869154252 0.16879182752881933 0.6624206037796379 0.9999999999999997
610.9999999999977 0.16871469459755345 0.16871896375632314 0.662566341646123 0.9999999999999997
611.9999999999977 0.16868081546378172 0.16868509458553052 0.6626340899506874 0.9999999999999997
612.9999999999977 0.16868593776782395 0.168690226492854 0.6626238357393217 0.9999999999999997
613.9999999999977 0.16873005874897773 0.16873435671645443 0.6625355845345675 0.9999999999999997
614.9999999999977 0.16881316640926228 0.16881747325726154 0.6623693603334758 0.9999999999999997
615.9999999999977 0.16893523951662692 0.16893955488218268 0.66212520560119 0.9999999999999997
616.9999999999977 0.16909624761034672 0.16910057112949844 0.6618031812601545 0.9999999999999997
617.9999999999977 0.16929615100860385 0.1693004823164442 0.6614033666749516 0.9999999999999997
618.9999999999976 0.16953490081825281 0.1695392395489753 0.6609258596327715 0.9999999999999996
619.9999999999976 0.16981243894676712 0.16981678473371378 0.6603707763195187 0.9999999999999996
620.9999999999976 0.1701286981163644 0.17013305059207376 0.6597382512915614 0.9999999999999996
621.9999999999976 0.17048360188030678 0.17048796067656152 0.6590284374431312 0.9999999999999996
622.9999999999976 0.17087706464137226 0.1708814293892472 0.65824150596938 0.9999999999999994
623.9999999999976 0.1713089916724929 0.1713133620024028 0.6573776463251038 0.9999999999999994
624.9999999999976 0.1717792791395546 0.1717836546813022 0.6564370661791427 0.9999999999999994
625.9999999999976 0.17228781412635324 0.17229219450917707 0.6554199913644692 0.9999999999999994
626.9999999999976 0.17283447466170102 0.17283885951432335 0.6543266658239751 0.9999999999999996
627.9999999999976 0.17341912974867638 0.17342351869935113 0.653157351551972 0.9999999999999994
628.9999999999976 0.17404163939601086 0.17404603207257155 0.6519123285314171 0.9999999999999996
629.9999999999976 0.17470185465160504 0.17470625068151258 0.6505918946668819 0.9999999999999996
630.9999999999976 0.1753996176381656 0.17540401664855612 0.6491963657132779 0.9999999999999996
631.9999999999976 0.17613476159095517 0.17613916320868786 0.6477260752003565 0.9999999999999996
632.9999999999976 0.17690711089764566 0.17691151474935043 0.6461813743530035 0.9999999999999996
633.9999999999976 0.17771648114026575 0.17772088685239099 0.6445626320073429 0.9999999999999996
634.9999999999976 0.17856267913923252 0.1785670863380926 0.6428702345226746 0.9999999999999997
635.9999999999976 0.1794455029994565 0.17944991131127933 0.6411045856892639 0.9999999999999997
636.9999999999976 0.1803647421585094 0.18036915120948385 0.6392661066320064 0.9999999999999997
637.9999999999976 0.18132017743684287 0.1813245868531662 0.6373552357099906 0.9999999999999997
638.9999999999976 0.1823115810900464 0.18231599049797134 0.6353724284119819 0.9999999999999997
639.9999999999976 0.18333871686313177 0.18334312588901377 0.6333181572478541 0.9999999999999997
640.9999999999976 0.1844013400468313 0.18440574831717546 0.6311929116359929 0.9999999999999997
641.9999999999976 0.1854991975358963 0.18550360467740423 0.6289971977866992 0.9999999999999997
642.9999999999976 0.1866320278893819 0.18663643352899853 0.6267315385816192 0.9999999999999997
643.9999999999976 0.18779956139290413 0.1878039651578642 0.6243964734492313 0.9999999999999997
644.9999999999975 0.18900152012285384 0.18900592164072844 0.6219925582364174 0.9999999999999997
645.9999999999975 0.1902376180125529 0.19024201691129564 0.6195203650761512 0.9999999999999997
646.9999999999975 0.19150756092033636 0.19151195682832955 0.6169804822513337 0.9999999999999997
647.9999999999975 0.1928110466995447 0.19281543924564526 0.6143735140548097 0.9999999999999997
648.9999999999975 0.19414776527040933 0.19415215408399447 0.6117000806455958 0.9999999999999996
649.9999999999975 0.19551739869381432 0.19552178340482715 0.6089608179013581 0.9999999999999996
650.9999999999975 0.19691962124691686 0.1969240014859117 0.6061563772671711 0.9999999999999997
651.9999999999975 0.1983540995006083 0.19835847489879582 0.6032874256005955 0.9999999999999996
652.9999999999975 0.1998204923987976 0.19982486258808976 0.6003546450131122 0.9999999999999996
653.9999999999975 0.201318451339498 0.20132281595255272 0.5973587327079488 0.9999999999999996
654.9999999999975 0.20284762025769806 0.20285197892796367 0.5943004008143378 0.9999999999999996
655.9999999999975 0.20440763570999693 0.20441198807175642 0.5911803762182462 0.9999999999999996
656.9999999999975 0.20599812696098405 0.20600247264939903 0.5879994003896164 0.9999999999999994
657.9999999999975 0.2076187160713426 0.20762305472249698 0.5847582292061598 0.9999999999999994
658.9999999999975 0.20926901798765588 0.20927334923859933 0.5814576327737442 0.9999999999999993
659.9999999999975 0.21094864063389498 0.2109529641226862 0.5780983952434182 0.9999999999999993
660.9999999999975 0.2126571850045666 0.2126615003703161 0.5746813146251167 0.9999999999999994
661.9999999999975 0.21439424525949807 0.21439855214241085 0.5712072025980905 0.9999999999999994
662.9999999999975 0.2161594088202379 0.21616370686165584 0.5676768843181057 0.9999999999999994
663.9999999999975 0.2179522564680483 0.2179565453104921 0.564091198221459 0.9999999999999994
664.9999999999975 0.2197723624434668 0.21977664173067776 0.5604509958258549 0.9999999999999994
665.9999999999975 0.22161929454741305 0.2216235639243945 0.5567571415281919 0.9999999999999994
666.9999999999975 0.22349261424381717 0.2234968733568755 0.5530105123993068 0.9999999999999994
667.9999999999975 0.22539187676374467 0.22539612526053016 0.5492119979757246 0.9999999999999994
668.9999999999975 0.2273166312109939 0.22732086874054117 0.5453625000484643 0.9999999999999993
669.9999999999975 0.22926642066914055 0.22927064688190857 0.5414629324489503 0.9999999999999993
670.9999999999975 0.2312407823100037 0.23124499685791564 0.5375142208320801 0.9999999999999994
671.9999999999974 0.2332392475035081 0.23324345003999075 0.5335173024565006 0.9999999999999996
672.9999999999974 0.23526134192891632 0.23526553210893902 0.5294731259621441 0.9999999999999994
673.9999999999974 0.23730658568740415 0.23731076316751762 0.5253826511450777 0.9999999999999994
674.9999999999974 0.23937449341595313 0.23937865785432766 0.5212468487297186 0.9999999999999993
675.9999999999974 0.24146457440253255 0.241468725458996 0.5170667001384709 0.9999999999999994
676.9999999999974 0.24357633270254403 0.24358047003861938 0.512843197258836 0.9999999999999993
677.9999999999974 0.24570926725650083 0.24571339053544336 0.5085773422080552 0.9999999999999993
678.9999999999974 0.24786287200891408 0.2478669808957481 0.5042701470953371 0.9999999999999993
679.9999999999974 0.2500366360283575 0.25004073018991285 0.49992263378172896 0.9999999999999993
680.9999999999974 0.2522300436286826 0.2522341227336304 0.49553583363768633 0.9999999999999993
681.9999999999974 0.25444257449135493 0.25444663821024327 0.49111078729840113 0.9999999999999993
682.9999999999974 0.25667370378888293 0.2566777517941721 0.4866485444169443 0.9999999999999993
683.9999999999974 0.2589229023093099 0.2589269342754071 0.48215016341528233 0.9999999999999993
684.9999999999974 0.26118963658173955 0.261193652185033 0.4776167112332268 0.9999999999999993
685.9999999999974 0.26347336900286517 0.2634773679217582 0.473049263075376 0.9999999999999993
686.9999999999974 0.26577355796447294 0.26577753987941727 0.4684489021561091 0.9999999999999993
687.9999999999974 0.2680896579818885 0.2680936225754173 0.4638167194426936 0.9999999999999993
688.9999999999974 0.2704211198233366 0.2704250667800971 0.45915381339656564 0.9999999999999993
689.9999999999974 0.2727673906401836 0.2727713196469691 0.45446128971284666 0.9999999999999993
690.9999999999974 0.27512791409803095 0.2751318248438125 0.44974026105815595 0.9999999999999993
691.9999999999974 0.2775021305086294 0.27750602268458696 0.444991846806783 0.9999999999999993
692.9999999999974 0.27988947696258243 0.2798933502621357 0.4402171727752812 0.9999999999999993
693.9999999999974 0.28228938746280735 0.28229324158164587 0.43541737095554617 0.9999999999999993
694.9999999999974 0.2847012930587222 0.2847051276948353 0.4305935792464419 0.9999999999999994
695.9999999999974 0.28712462198112737 0.28712843683483336 0.4257469411840387 0.9999999999999993
696.9999999999974 0.2895587997777491 0.2895625945517242 0.42087860567052615 0.9999999999999994
697.9999999999974 0.2920032494494134 0.29200702384871996 0.41598972670186607 0.9999999999999994
698.9999999999973 0.2944573915868176 0.29446114531893214 0.4110814630942497 0.9999999999999993
699.9999999999973 0.2969206445078675 0.296924377282708 0.406154978209424 0.9999999999999996
700.9999999999973 0.29939242439554736 0.29939613592550013 0.40121143967895195 0.9999999999999993
701.9999999999973 0.30187214543629015 0.30187583543623625 0.39625201912747304 0.9999999999999993
702.9999999999973 0.30435921995881515 0.30436288814615625 0.39127789189502804 0.9999999999999994
703.9999999999973 0.3068530585734001 0.30685670466808385 0.3862902367585155 0.9999999999999994
704.9999999999973 0.3093530703115549 0.3093566940360998 0.38129023565234477 0.9999999999999994
705.9999999999973 0.3118586627660635 0.3118622638455834 0.37627907338835254 0.9999999999999994
706.9999999999973 0.3143692422313615 0.3143728203935894 0.37125793737504864 0.9999999999999996
707.9999999999973 0.31688421384421506 0.31688776881952635 0.3662280173362581 0.9999999999999994
708.9999999999973 0.3194029817246691 0.31940651324610453 0.36119050502922584 0.9999999999999996
709.9999999999973 0.32192494911723013 0.32192845692051814 0.3561465939622512 0.9999999999999996
710.9999999999973 0.32444951853225135 0.3244530023558297 0.35109747911191835 0.9999999999999993
711.9999999999973 0.3269760918874857 0.32697955147252283 0.34604435663999084 0.9999999999999993
712.9999999999973 0.3295040706497738 0.32950750574018967 0.34098842361003595 0.9999999999999993
713.9999999999973 0.33203285597683296 0.3320362663193192 0.33593087770384716 0.9999999999999993
714.9999999999973 0.33456184885911416 0.3345652342031537 0.33087291693773146 0.9999999999999993
715.9999999999973 0.3370904502616924 0.3370938103595787 0.32581573937872826 0.9999999999999993
716.9999999999973 0.33961806126615784 0.3396213958730136 0.3207605428608279 0.9999999999999993
717.9999999999973 0.3421440832124738 0.3421473920862689 0.31570852470125665 0.9999999999999993
718.9999999999973 0.3446679178407675 0.3446712007423367 0.31066088141689513 0.9999999999999993
719.9999999999973 0.34718896743302086 0.34719222412608075 0.3056188084408977 0.9999999999999993
720.9999999999973 0.349706634954627 0.3497098652057925 0.3005834998395798 0.9999999999999993
721.9999999999973 0.3522203241957793 0.3522235277745797 0.2955561480296403 0.9999999999999993
722.9999999999973 0.3547294399126597 0.35473261659155403 0.2905379434957856 0.9999999999999993
723.9999999999973 0.3572333879683923 0.35723653752278417 0.28553007450882284 0.9999999999999993
724.9999999999972 0.35973157547372936 0.3597346976819813 0.2805337268442887 0.9999999999999993
725.9999999999972 0.362223410927436 0.3622265055708834 0.27555008350168 0.9999999999999993
726.9999999999972 0.36470830435634083 0.3647113712193051 0.2705803244243534 0.9999999999999993
727.9999999999972 0.36718566745501896 0.3671887063248202 0.26562562622016017 0.9999999999999993
728.9999999999972 0.3696549137250743 0.3696579243920436 0.26068716188288144 0.9999999999999993
729.9999999999972 0.37211545861398837 0.37211844087147944 0.2557661005145315 0.9999999999999993
730.9999999999972 0.3745667196535029 0.37456967329790314 0.2508636070485933 0.9999999999999993
731.9999999999972 0.37700811659750305 0.3770110414282441 0.24598084197425224 0.9999999999999993
732.9999999999972 0.3794390715593687 0.3794419673789365 0.24111896106169423 0.9999999999999993
733.9999999999972 0.38185900914876164 0.38186187576270597 0.23627911508853178 0.9999999999999993
734.9999999999972 0.38426735660781614 0.38427019382475947 0.2314624495674238 0.9999999999999993
735.9999999999972 0.3866635439467001 0.38666635157834606 0.22667010447495323 0.9999999999999993
736.9999999999972 0.3890470040785157 0.3890497819396569 0.22190321398182677 0.9999999999999994
737.9999999999972 0.3914171729535067 0.39141992086203214 0.21716290618446055 0.9999999999999994
738.9999999999972 0.3937734896925412 0.3937762074694432 0.212450302838015 0.9999999999999994
739.9999999999972 0.3961153967198383 0.39611808418921846 0.2077665190909427 0.9999999999999994
740.9999999999972 0.39844233989490646 0.39844499688398166 0.2031126632211114 0.9999999999999996
741.9999999999972 0.4007537686436635 0.40075639498277105 0.19848983637356496 0.9999999999999996
742.9999999999972 0.4030491360887065 0.4030517316113088 0.19389913229998426 0.9999999999999996
743.9999999999972 0.4053278991787006 0.4053304637213893 0.18934163709990967 0.9999999999999996
744.9999999999972 0.40758951881685684 0.4075920522193565 0.18481842896378622 0.9999999999999996
745.9999999999972 0.40983345998846793 0.40983596209363915 0.1803305779178925 0.9999999999999996
746.9999999999972 0.4120591918874721 0.4120616625413141 0.17587914557121337 0.9999999999999996
747.9999999999972 0.4142661880420152 0.41426862709366785 0.1714651848643165 0.9999999999999996
748.9999999999972 0.41645392643898105 0.41645633374072644 0.1670897398202921 0.9999999999999996
749.9999999999972 0.41862188964746067 0.4186242650547241 0.16275384529781484 0.9999999999999996
750.9999999999972 0.4207695649411314 0.420771908312482 0.15845852674638622 0.9999999999999996
751.999999999997 0.4228964444195167 0.4228987556166675 0.15420479996381542 0.9999999999999996
752.999999999997 0.42500202512809826 0.42500430401590555 0.1499936708559958 0.9999999999999997
753.999999999997 0.4270858091772516 0.42708805562371394 0.14582613519903415 0.9999999999999998
754.999999999997 0.4291473038599771 0.429149517736234 0.14170317840378854 0.9999999999999997
755.999999999997 0.4311860217683995 0.43118820294872917 0.13762577528287098 0.9999999999999997
756.999999999997 0.43320148090900656 0.43320362927082373 0.13359488982016934 0.9999999999999996
757.999999999997 0.4351932048166017 0.4351953202404544 0.12961147494294362 0.9999999999999996
758.999999999997 0.4371607226669417 0.4371628050365079 0.12567647229655002 0.9999999999999996
759.999999999997 0.43910356938803485 0.4391056185901184 0.12179081202184638 0.9999999999999997
760.999999999997 0.441021285770071 0.4410233016945973 0.1179554125353313 0.9999999999999996
761.999999999997 0.4429134185739596 0.44291540111397076 0.11417118031206919 0.9999999999999996
762.999999999997 0.44477952063844894 0.44478146969009824 0.11043900967145237 0.9999999999999996
763.999999999997 0.44661915098580124 0.4466210664483473 0.10675978256585099 0.9999999999999994
764.999999999997 0.44843187492599923 0.44843375670179975 0.10313436837220055 0.9999999999999996
765.999999999997 0.45021726415945906 0.45021911215396393 0.09956362368657648 0.9999999999999994
766.999999999997 0.4519748968782256 0.4519767109999698 0.09604839212180409 0.9999999999999994
767.999999999997 0.45370435786562596 0.4537061380262216 0.0925895041081519 0.9999999999999996
768.999999999997 0.45540523859435783 0.45540698470848634 0.08918777669715532 0.9999999999999994
769.999999999997 0.45707713732298955 0.4570788493083929 0.08584401336861709 0.9999999999999996
770.999999999997 0.4587196591908489 0.4587213369683205 0.08255900384083006 0.9999999999999994
771.999999999997 0.4603324163112785 0.4603340598046539 0.07933352388406703 0.9999999999999994
772.999999999997 0.46191502786323546 0.4619166369993822 0.07616833513738185 0.9999999999999996
773.999999999997 0.4634671201812135 0.46346869489002096 0.07306418492876499 0.9999999999999994
774.999999999997 0.4649883268434674 0.464989867057836 0.07002180609869599 0.9999999999999994
775.999999999997 0.46647828875851743 0.46647979441434745 0.0670419168271345 0.9999999999999993
776.999999999997 0.4679366542499144 0.4679381252860943 0.06412522046399076 0.9999999999999994
777.999999999997 0.4693630791392447 0.4693645154976393 0.061272405363115456 0.9999999999999996
778.9999999999969 0.47075722682735666 0.4707586284527945 0.058484144719848315 0.9999999999999994
779.9999999999969 0.4721187683737876 0.4721201352140483 0.05576109641216355 0.9999999999999993
780.9999999999969 0.4734473825743743 0.4734487145801753 0.05310390284544982 0.9999999999999994
781.9999999999969 0.4747427560370276 0.4747440531620106 0.050513190800961214 0.9999999999999994
782.9999999999969 0.47600458325565365 0.4760058454563707 0.04798957128797507 0.9999999999999994
783.9999999999969 0.47723256668220443 0.47723379391810344 0.0455336393996915 0.9999999999999993
784.9999999999969 0.47842641679684034 0.4784276090302505 0.04314597417290855 0.9999999999999993
785.9999999999969 0.4795858521761883 0.4795870093723049 0.040827138451506144 0.9999999999999993
786.9999999999969 0.4807105995596797 0.4807117216865487 0.03857767875377097 0.9999999999999993
787.9999999999969 0.48180039391395174 0.481801480942454 0.03639812514359361 0.9999999999999993
788.9999999999969 0.482854978495298 0.48285603039913316 0.034288991105568184 0.9999999999999993
789.9999999999969 0.48387410491015265 0.48387512166582264 0.03225077342402404 0.9999999999999993
790.9999999999969 0.4848575331735946 0.48485851476038677 0.030283952066017975 0.9999999999999993
791.9999999999969 0.4858050317658575 0.48580597816582743 0.02838899006831443 0.9999999999999993
792.9999999999969 0.4867163776868324 0.48671728888478655 0.026566333428380433 0.9999999999999994
793.9999999999969 0.4875913565085504 0.48759223249202815 0.02481641099942084 0.9999999999999994
794.9999999999969 0.4884297624256326 0.48843060318488823 0.0231396343894786 0.9999999999999994
795.9999999999969 0.48923139830369566 0.4892322038316799 0.02153639786462383 0.9999999999999994
796.9999999999969 0.48999607572570186 0.48999684601804316 0.020007078256254373 0.9999999999999994
797.9999999999969 0.49072361503624207 0.4907243500912276 0.018552034872529752 0.9999999999999994
798.9999999999969 0.49141384538374194 0.49141454520229827 0.01717160941395922 0.9999999999999994
799.9999999999969 0.492066604760581 0.49206726934625455 0.015866125893163822 0.9999999999999993
800.9999999999969 0.4926817400411155 0.4926823694000526 0.014635890558831263 0.9999999999999993
801.9999999999969 0.4932591070175955 0.4932597011585224 0.013481191823881425 0.9999999999999993
802.9999999999969 0.49379857043396885 0.4937991293681711 0.012402300197859425 0.9999999999999993
803.9999999999969 0.4943000040175627 0.4943005277588647 0.011399468223572006 0.9999999999999993
804.9999999999968 0.4947632905086366 0.49476377907338065 0.010472930417982137 0.9999999999999994
805.9999999999968 0.49518832168779936 0.4951887750948244 0.009622903217375633 0.9999999999999993
806.9999999999968 0.49557499840128316 0.4955754166719036 0.008849584926812638 0.9999999999999993
807.9999999999968 0.4959232305840699 0.49592361374205374 0.008153155673875733 0.9999999999999994
808.9999999999968 0.49623293728086326 0.49623328535241057 0.007533777366725508 0.9999999999999994
809.9999999999968 0.4965040466649027 0.49650435967862333 0.006991593656473308 0.9999999999999993
810.9999999999968 0.496736496054614 0.4967367740415054 0.006526729903879936 0.9999999999999993
811.9999999999968 0.49693023192809327 0.4969304749215181 0.006139293150388007 0.9999999999999993
812.9999999999968 0.49708520993542066 0.4970854179710841 0.005829372093494644 0.9999999999999994
813.9999999999968 0.4972013949088012 0.497201568024728 0.005597037066470188 0.9999999999999993
814.9999999999968 0.4972787608705302 0.49727889910704165 0.005442340022427544 0.9999999999999993
815.9999999999968 0.4973172910387813 0.4973173944384723 0.005365314522745765 0.9999999999999994
816.9999999999968 0.4973169778312168 0.4973170464389321 0.005365975729850446 0.9999999999999993
817.9999999999968 0.497277822866418 0.4972778567292289 0.005444320404352465 0.9999999999999994
818.9999999999968 0.49719983696313647 0.4971998361303173 0.005600326906545569 0.9999999999999993
819.9999999999968 0.4970830401373666 0.4970830046603705 0.005833955202262293 0.9999999999999993
820.9999999999968 0.49692746159723883 0.4969273915296739 0.0061451468730866305 0.9999999999999993
821.9999999999968 0.4967331397357366 0.49673303513334194 0.006533825130920883 0.9999999999999994
822.9999999999968 0.49650012212123745 0.4964999830418589 0.006999894836903051 0.9999999999999993
823.9999999999968 0.4962284654858819 0.4962282919894474 0.007543242524670126 0.9999999999999994
824.9999999999968 0.4959182357117712 0.4959180278602666 0.00816373642796159 0.9999999999999994
825.9999999999968 0.49556950781499925 0.49556926567244375 0.00886122651255641 0.9999999999999994
826.9999999999968 0.4951823659275212 0.4951820895599424 0.009635544512535813 0.9999999999999993
827.9999999999968 0.49475690327686345 0.4947565927522729 0.010486503970863047 0.9999999999999993
828.9999999999968 0.49429322216368043 0.4942928775520486 0.011413900284270372 0.9999999999999993
829.9999999999968 0.49379143393716285 0.49379105531039413 0.01241751075244246 0.9999999999999994
830.9999999999968 0.4932516589683036 0.49325124640021145 0.013497094631484404 0.9999999999999994
831.9999999999967 0.49267402662102805 0.4926735801873099 0.014652393191661475 0.9999999999999994
832.9999999999967 0.4920586752211953 0.49205819499940734 0.0158831297793968 0.9999999999999994
833.9999999999967 0.4914057520234776 0.4914052380930097 0.017189009883512116 0.9999999999999993
834.9999999999967 0.49071541317612666 0.490714865618177 0.01856972120569569 0.9999999999999993
835.9999999999967 0.48998782368363436 0.48998724258118437 0.02002493373518063 0.9999999999999994
836.9999999999967 0.4892231573672974 0.4892225428050863 0.02155429982761565 0.9999999999999993
837.9999999999967 0.4884215968236951 0.4884209488881947 0.023157454288109485 0.9999999999999993
838.9999999999967 0.4875833333810905 0.4875826521604797 0.024834014458429123 0.9999999999999993
839.9999999999967 0.4867085670537643 0.486707852637904 0.026583580308330995 0.9999999999999993
840.9999999999967 0.4857975064942942 0.4857967589747017 0.02840573453100339 0.9999999999999993
841.9999999999967 0.48485036894378913 0.4848495884136129 0.03030004264259725 0.9999999999999993
842.9999999999967 0.4838673801800916 0.483866566734086 0.03226605308582167 0.9999999999999993
843.9999999999967 0.48284877446396 0.4828479281984599 0.034303297337579385 0.9999999999999993
844.9999999999967 0.48179479448324364 0.4817939154961391 0.03641129002061655 0.9999999999999993
845.9999999999967 0.48070569129506396 0.480704779685775 0.03858952901916027 0.9999999999999992
846.9999999999967 0.47958172426601575 0.4795807801354672 0.040837495598516294 0.9999999999999991
847.9999999999967 0.4784231610104024 0.47842218446099843 0.0431546545285984 0.9999999999999991
848.9999999999967 0.4772302773265199 0.47722926846211927 0.04554045421136004 0.9999999999999991
849.9999999999967 0.4760033571310053 0.476002316056896 0.04799432681209792 0.9999999999999992
850.9999999999967 0.47474269239126426 0.4747416192141387 0.050515688394596255 0.9999999999999993
851.9999999999967 0.4734485830559949 0.47344747788392477 0.05310393906007955 0.9999999999999993
852.9999999999967 0.47212133698382347 0.47212019992623494 0.05575846308994081 0.9999999999999992
853.9999999999967 0.4707612698700695 0.4707601010377184 0.05847862909221128 0.9999999999999991
854.9999999999967 0.4693687051716576 0.4693675046766048 0.06126379015173677 0.9999999999999991
855.9999999999967 0.4679439740301937 0.4679427419857805 0.06411328398402498 0.9999999999999992
856.9999999999967 0.46648741519322434 0.4664861517140477 0.06702643309272713 0.9999999999999992
857.9999999999967 0.4649993749336971 0.4649980801355856 0.07000254493071652 0.9999999999999992
858.9999999999966 0.46348020696764214 0.46347888096763146 0.07304091206472563 0.9999999999999992
859.9999999999966 0.4619302723700939 0.4619289152864026 0.07614081234350276 0.9999999999999993
860.9999999999966 0.4603499394892727 0.46034855144127845 0.0793015090694481 0.9999999999999992
861.9999999999966 0.4587395838590477 0.45873816496726294 0.08252225117368864 0.9999999999999992
862.9999999999966 0.4570995881097004 0.45709813849574893 0.08580227339454988 0.9999999999999991
863.9999999999966 0.4554303418770118 0.4554288616636048 0.0891407964593826 0.9999999999999992
864.9999999999966 0.4537322417096928 0.45373073102060557 0.09253702726970083 0.9999999999999991
865.9999999999966 0.45200569097518156 0.45200414993523014 0.09599015908958747 0.9999999999999991
866.9999999999966 0.4502510997638294 0.4502495284988472 0.0994993717373226 0.9999999999999992
867.9999999999966 0.4484688847914976 0.4484672834283126 0.103063831780189 0.9999999999999992
868.9999999999966 0.44665946930058936 0.44665783796700104 0.10668269273240877 0.9999999999999991
869.9999999999966 0.4448232829595394 0.44482162178429613 0.11035509525616365 0.9999999999999991
870.9999999999966 0.44296076176078536 0.442959070873562 0.1140801673656518 0.9999999999999991
871.9999999999966 0.4410723479172458 0.4410706274486212 0.11785702463413218 0.9999999999999991
872.9999999999966 0.4391584897573283 0.43915673983876324 0.12168477040390765 0.9999999999999992
873.9999999999966 0.43721964161849364 0.43721786238230886 0.1255624959991967 0.9999999999999992
874.9999999999966 0.43525626373940063 0.4352544553187551 0.12948928094184342 0.9999999999999992
875.9999999999966 0.4332688221506576 0.433266984679527 0.13346419316981456 0.9999999999999991
876.9999999999966 0.43125778856420605 0.4312559221773615 0.13748628925843168 0.9999999999999991
877.9999999999966 0.42922364026136334 0.42922174509435007 0.1415546146442858 0.9999999999999992
878.9999999999966 0.4271668599795504 0.427164936168667 0.14566820385178175 0.9999999999999991
879.9999999999966 0.42508793579773163 0.4250859834800094 0.14982608072225811 0.9999999999999992
880.9999999999966 0.42298736102059414 0.4229853803337766 0.15402725864562847 0.9999999999999992
881.9999999999966 0.42086563406149374 0.4208636251440163 0.15827074079448916 0.9999999999999993
882.9999999999966 0.4187232583241956 0.4187212213151658 0.1625555203606378 0.9999999999999992
883.9999999999966 0.4165607420834376 0.4165586771226152 0.16688058079394644 0.9999999999999991
884.9999999999965 0.4143785983643444 0.4143765055921219 0.17124489604353288 0.9999999999999991
885.9999999999965 0.41217734482072144 0.412175224378105 0.1756474308011728 0.9999999999999993
886.9999999999965 0.40995750361225713 0.40995535564084734 0.18008714074689475 0.9999999999999991
887.9999999999965 0.4077196012806628 0.40771742592263605 0.18456297279670036 0.9999999999999993
888.9999999999965 0.4054641686247796 0.4054619660228695 0.18907386535235018 0.9999999999999992
889.9999999999965 0.4031917405746816 0.40318951087216104 0.1936187485531566 0.9999999999999993
890.9999999999965 0.4009028560648063 0.4009005994054692 0.1981965445297238 0.9999999999999993
891.9999999999965 0.39859805790614056 0.3985957744342843 0.20280616765957446 0.9999999999999993
892.9999999999965 0.39627789265749414 0.3962755825179021 0.20744652482460305 0.9999999999999992
893.9999999999965 0.39394291049589025 0.393940573833815 0.21211651567029405 0.9999999999999993
894.9999999999965 0.3915936650861046 0.3915913020472505 0.21681503286664416 0.9999999999999992
895.9999999999965 0.3892307134493829 0.3892283241798901 0.2215409623707262 0.9999999999999992
896.9999999999965 0.3868546158313693 0.38685220047779706 0.22629318369083284 0.9999999999999992
897.9999999999965 0.38446593556927555 0.3844634942785865 0.23107057015213717 0.9999999999999992
898.9999999999965 0.3820652389583238 0.3820627718778681 0.23587198916380736 0.9999999999999992
899.9999999999965 0.37965309511749357 0.3796506023949936 0.2406963024875121 0.9999999999999992
900.9999999999965 0.37723007585460555 0.37722755763814086 0.2455423665072528 0.9999999999999992
901.9999999999965 0.3747967555307738 0.37479421196876617 0.25040903250045926 0.9999999999999993
902.9999999999965 0.3723537109242582 0.3723511421654573 0.25529514691028377 0.9999999999999992
903.9999999999965 0.3699015210937502 0.36989892728721935 0.2601995516190297 0.9999999999999991
904.9999999999965 0.3674407672411238 0.36743814853622603 0.26512108422264946 0.9999999999999993
905.9999999999965 0.36497203257368394 0.36496938912006854 0.2700585783062468 0.9999999999999993
906.9999999999965 0.36249590216594585 0.362493234113535 0.2750108637205184 0.9999999999999993
907.9999999999965 0.3600129628209772 0.3600102703199532 0.27997676685906886 0.9999999999999993
908.9999999999965 0.35752380293133673 0.35752108613212913 0.2849551109365334 0.9999999999999993
909.9999999999965 0.35502901233964135 0.35502627139291487 0.28994471626744306 0.9999999999999993
910.9999999999966 0.3525291821987959 0.3525264172554384 0.294944400545765 0.9999999999999992
911.9999999999967 0.3500249048319177 0.3500221160430284 0.29995297912505314 0.9999999999999992
912.9999999999968 0.34751677359198974 0.34751396110886795 0.3049692652991416 0.9999999999999993
913.9999999999969 0.345005382721275 0.34500254669540925 0.30999207058331496 0.9999999999999993
914.999999999997 0.3424913272105266 0.3424884677935838 0.31502020499588884 0.9999999999999991
915.9999999999972 0.3399752026580254 0.33997232000184036 0.3200524773401335 0.9999999999999991
916.9999999999972 0.3374576051284796 0.33745469938504524 0.32508769548647437 0.9999999999999991
917.9999999999973 0.33493913101181966 0.33493620233327714 0.3301246666549024 0.9999999999999993
918.9999999999974 0.33242037688192144 0.3324174254205509 0.33516219769752686 0.9999999999999992
919.9999999999975 0.3299019393552917 0.3298989652635031 0.3401990953812044 0.9999999999999992
920.9999999999976 0.32738441494974885 0.3273814183800733 0.3452341666701771 0.9999999999999991
921.9999999999977 0.32486839994313277 0.32486538104821416 0.35026621900865224 0.9999999999999991
922.9999999999978 0.3223544902320773 0.32235144916466424 0.35529406060325763 0.9999999999999992
923.9999999999978 0.3198432811908782 0.31984021810381624 0.36031650070530474 0.9999999999999992
924.999999999998 0.3173353675304908 0.31733228257671514 0.3653323498927933 0.9999999999999992
925.9999999999981 0.31483134315769024 0.31482823649021857 0.3703404203520904 0.9999999999999991
926.9999999999982 0.3123318010344277 0.31232867280635357 0.37533952615921795 0.9999999999999992
927.9999999999983 0.3098373330374162 0.30983418340190255 0.38032848356068044 0.9999999999999991
928.9999999999984 0.30734852981797883 0.307345358928252 0.38530611125376835 0.9999999999999991
929.9999999999984 0.304865980662193 0.3048627886715369 0.3902712306662693 0.9999999999999991
930.9999999999985 0.3023902733513633 0.3023870604131141 0.3952226662355217 0.9999999999999991
931.9999999999986 0.2999219940228568 0.29991876029039777 0.4001592456867445 0.9999999999999991
932.9999999999987 0.2974617270313327 0.29745847265808967 0.40507980031057667 0.9999999999999991
933.9999999999989 0.2950100548104003 0.295006779949837 0.40998316523976175 0.999999999999999
934.999999999999 0.29256755773473714 0.2925642625403511 0.4148681797249108 0.9999999999999991
935.9999999999991 0.2901348139827002 0.2901314986080194 0.41973368740927947 0.9999999999999991
936.9999999999991 0.2877123993994633 0.2877090639980423 0.42457853660249345 0.9999999999999991
937.9999999999992 0.28530088736071213 0.2852975320861291 0.4294015805531578 0.999999999999999
938.9999999999993 0.28290084863692966 0.2828974736427838 0.4342016777202857 0.9999999999999991
939.9999999999994 0.28051285125830416 0.2805094566982129 0.43897769204348197 0.9999999999999991
940.9999999999995 0.27813746038029175 0.27813404640788897 0.44372849321181834 0.9999999999999991
941.9999999999997 0.2757752381498649 0.27577180491879877 0.4484529569313354 0.9999999999999991
942.9999999999998 0.273426743572479 0.2734232912364108 0.4531499651911092 0.9999999999999991
943.9999999999998 0.27109253237978853 0.2710890610923913 0.4578184065278192 0.9999999999999991
944.9999999999999 0.26877315689814363 0.2687696668131012 0.46245717628875416 0.999999999999999
946 0.26646916591789843 0.2664656571889052 0.4670651768931954 0.999999999999999
947.0000000000001 0.2641811045635626 0.2641775773443229 0.4716413180921135 0.999999999999999
948.0000000000002 0.2619095141648258 0.2619059686090542 0.47618451722611904 0.9999999999999989
949.0000000000003 0.25965493212848634 0.25965136838990804 0.4806936994816046 0.9999999999999991
950.0000000000003 0.2574178918113144 0.25741431004366583 0.48516779814501876 0.999999999999999
951.0000000000005 0.25519892239387915 0.25519532275090884 0.489605754855211 0.9999999999999991
952.0000000000006 0.2529985487553701 0.25299493139084017 0.49400651985378874 0.999999999999999
953.0000000000007 0.25081729134944275 0.2508136564171304 0.4983690522334259 0.9999999999999991
954.0000000000008 0.2486556660811169 0.24865201373481613 0.5026923201840661 0.9999999999999991
955.0000000000009 0.24651418418475746 0.24651051457828146 0.5069753012369601 0.999999999999999
956.000000000001 0.24439335210316648 0.24438966539034995 0.5112169825064826 0.9999999999999991
957.000000000001 0.24229367136781482 0.24228996770251665 0.5154163609296676 0.9999999999999991
958.0000000000011 0.24021563848024188 0.24021191801634828 0.5195724435034089 0.9999999999999991
959.0000000000013 0.2381597447946516 0.2381560076860793 0.5236842475192681 0.999999999999999
960.0000000000014 0.2361264764017322 0.23612272280243207 0.5277508007958348 0.9999999999999991
961.0000000000015 0.23411631401372732 0.23411254407768814 0.5317711419085837 0.9999999999999991
962.0000000000016 0.23212973285078564 0.2321259467320383 0.5357443204171752 0.9999999999999991
963.0000000000017 0.23016720252861606 0.23016340038123778 0.5396693970901454 0.9999999999999992
964.0000000000017 0.22822918694747454 0.22822536892559372 0.543545444126931 0.9999999999999992
965.0000000000018 0.2263161441825095 0.22631231044031042 0.5473715453771794 0.9999999999999993
966.0000000000019 0.224428526375491 0.224424677067219 0.5511467965572893 0.9999999999999992
967.000000000002 0.22256677962794974 0.22256291490791671 0.5548703054641327 0.9999999999999992
968.0000000000022 0.22073134389575125 0.2207274639183412 0.5585411921859067 0.9999999999999991
969.0000000000023 0.21892265288512955 0.21891875780480444 0.5621585893100651 0.9999999999999991
970.0000000000023 0.2171411339502055 0.2171372239215115 0.5657216421282821 0.9999999999999991
971.0000000000024 0.21538720799201388 0.21538328316958757 0.5692295088383976 0.9999999999999991
972.0000000000025 0.21366128935906273 0.2136573498976378 0.5726813607432986 0.9999999999999991
973.0000000000026 0.21196378574944888 0.21195983180386288 0.5760763824466874 0.9999999999999991
974.0000000000027 0.21029509811455263 0.21029112983975407 0.5794137720456924 0.9999999999999991
975.0000000000028 0.20865562056433423 0.20865163811538973 0.5826927413202752 0.9999999999999991
976.000000000003 0.2070457402742546 0.20704174380635643 0.5859125159193881 0.9999999999999991
977.000000000003 0.20546583739384233 0.20546182706231608 0.5890723355438408 0.9999999999999991
978.0000000000031 0.20391628495692854 0.20391226091724096 0.5921714541258297 0.9999999999999992
979.0000000000032 0.20239744879357066 0.20239341120133775 0.5952091400050908 0.9999999999999992
980.0000000000033 0.2009096874436861 0.20090563645468135 0.5981846761016318 0.9999999999999993
981.0000000000034 0.1994533520724161 0.199449287842579 0.6010973600850041 0.9999999999999992
982.0000000000035 0.19802878638723978 0.1980247090726844 0.603946504540075 0.9999999999999992
983.0000000000036 0.1966363265568579 0.19663223631388177 0.6067314371292596 0.9999999999999992
984.0000000000036 0.19527630113186553 0.1952721981169586 0.6094515007511752 0.9999999999999993
985.0000000000038 0.1939490309672324 0.19394491533708613 0.6121060536956807 0.9999999999999992
986.0000000000039 0.192654829146609 0.19265070105812582 0.6146944697952644 0.9999999999999992
987.000000000004 0.19139400090847655 0.19138986051877926 0.6172161385727435 0.9999999999999993
988.0000000000041 0.19016684357415808 0.19016269104059955 0.6196704653852416 0.9999999999999992
989.0000000000042 0.18897364647770779 0.18896948195788066 0.6220568715644108 0.9999999999999992
990.0000000000043 0.18781469089769487 0.1878105145494416 0.6243747945528628 0.9999999999999993
991.0000000000043 0.18669024999089834 0.18668606197232113 0.6266236880367798 0.9999999999999993
992.0000000000044 0.1856005887279281 0.18559638919739918 0.628803022074672 0.9999999999999992
993.0000000000045 0.18454596383078756 0.18454175294695954 0.6309122832222521 0.9999999999999992
994.0000000000047 0.18352662371239276 0.183522401634209 0.6329509746533974 0.9999999999999992
995.0000000000048 0.1825428084180617 0.18253857530476694 0.6349186162771705 0.9999999999999991
996.0000000000049 0.18159474956898827 0.18159050558013928 0.6368147448508715 0.9999999999999991
997.0000000000049 0.18068267030771362 0.18067841560318998 0.6386389140890955 0.9999999999999991
998.000000000005 0.17980678524560806 0.17980251998562305 0.640390694768768 0.9999999999999991
999.0000000000051 0.17896730041237577 0.1789630247574873 0.642069674830136 0.9999999999999991
1000.0000000000052 0.17816441320759419 0.17816012731871586 0.643675459473689 0.999999999999999
1001.0000000000053 0.17739831235429954 0.17739401639271182 0.6452076712529876 0.999999999999999
